ARMLP087129,                   "SANTIAGO DEL ESTERO", -27.8000,  -64.3000,   199.0,187310,   374, , ,R,078393
ARMLP087129,                   "SANTIAGO DEL ESTERO", -27.8000,  -64.3000,   199.0,187311,   737, , ,R,078393
ARMLP087129,                   "SANTIAGO DEL ESTERO", -27.8000,  -64.3000,   199.0,187312,   775, , ,R,078393
ARMLP087129,                   "SANTIAGO DEL ESTERO", -27.8000,  -64.3000,   199.0,187402,   473, , ,R,078393
ARMLP087129,                   "SANTIAGO DEL ESTERO", -27.8000,  -64.3000,   199.0,187403,  1126, , ,R,078393
ARMLP087129,                   "SANTIAGO DEL ESTERO", -27.8000,  -64.3000,   199.0,187404,   210, , ,R,078393
ARMLP087129,                   "SANTIAGO DEL ESTERO", -27.8000,  -64.3000,   199.0,187407,   312, , ,R,078393
ARMLP087129,                   "SANTIAGO DEL ESTERO", -27.8000,  -64.3000,   199.0,187408,    48, , ,R,078393
ARMLP087129,                   "SANTIAGO DEL ESTERO", -27.8000,  -64.3000,   199.0,187410,   400, , ,R,078393
ARMLP087129,                   "SANTIAGO DEL ESTERO", -27.8000,  -64.3000,   199.0,187411,   490, , ,R,078393
ARMLP087129,                   "SANTIAGO DEL ESTERO", -27.8000,  -64.3000,   199.0,187501,   177, , ,R,078393
ARMLP087129,                   "SANTIAGO DEL ESTERO", -27.8000,  -64.3000,   199.0,187502,    23, , ,R,078393
ARMLP087129,                   "SANTIAGO DEL ESTERO", -27.8000,  -64.3000,   199.0,187503,   143, , ,R,078393
ARMLP087129,                   "SANTIAGO DEL ESTERO", -27.8000,  -64.3000,   199.0,187504,   121, , ,R,078393
ARMLP087129,                   "SANTIAGO DEL ESTERO", -27.8000,  -64.3000,   199.0,187509,   338, , ,R,078393
ARMLP087129,                   "SANTIAGO DEL ESTERO", -27.8000,  -64.3000,   199.0,187510,    75, , ,R,078393
ARMLP087129,                   "SANTIAGO DEL ESTERO", -27.8000,  -64.3000,   199.0,187511,   186, , ,R,078393
ARMLP087129,                   "SANTIAGO DEL ESTERO", -27.8000,  -64.3000,   199.0,187512,   426, , ,R,078393
ARMLP087129,                   "SANTIAGO DEL ESTERO", -27.8000,  -64.3000,   199.0,187601,   807, , ,R,078393
ARMLP087129,                   "SANTIAGO DEL ESTERO", -27.8000,  -64.3000,   199.0,187602,  1409, , ,R,078393
ARMLP087129,                   "SANTIAGO DEL ESTERO", -27.8000,  -64.3000,   199.0,187603,  2398, , ,R,078393
ARMLP087129,                   "SANTIAGO DEL ESTERO", -27.8000,  -64.3000,   199.0,187604,   462, , ,R,078393
ARMLP087129,                   "SANTIAGO DEL ESTERO", -27.8000,  -64.3000,   199.0,187605,   397, , ,R,078393
ARMLP087129,                   "SANTIAGO DEL ESTERO", -27.8000,  -64.3000,   199.0,187606,    55, , ,R,078393
ARMLP087129,                   "SANTIAGO DEL ESTERO", -27.8000,  -64.3000,   199.0,187607,     4, , ,R,078393
ARMLP087129,                   "SANTIAGO DEL ESTERO", -27.8000,  -64.3000,   199.0,187608,    51, , ,R,078393
ARMLP087129,                   "SANTIAGO DEL ESTERO", -27.8000,  -64.3000,   199.0,187609,   280, , ,R,078393
ARMLP087129,                   "SANTIAGO DEL ESTERO", -27.8000,  -64.3000,   199.0,187610,    58, , ,R,078393
ARMLP087129,                   "SANTIAGO DEL ESTERO", -27.8000,  -64.3000,   199.0,187611,   101, , ,R,078393
ARMLP087129,                   "SANTIAGO DEL ESTERO", -27.8000,  -64.3000,   199.0,187612,   764, , ,R,078393
ARMLP087129,                   "SANTIAGO DEL ESTERO", -27.8000,  -64.3000,   199.0,187701,   434, , ,R,078393
ARMLP087129,                   "SANTIAGO DEL ESTERO", -27.8000,  -64.3000,   199.0,187702,   847, , ,R,078393
ARMLP087129,                   "SANTIAGO DEL ESTERO", -27.8000,  -64.3000,   199.0,187703,  1252, , ,R,078393
ARMLP087129,                   "SANTIAGO DEL ESTERO", -27.8000,  -64.3000,   199.0,187704,   435, , ,R,078393
ARMLP087129,                   "SANTIAGO DEL ESTERO", -27.8000,  -64.3000,   199.0,187705,     9, , ,R,078393
ARMLP087129,                   "SANTIAGO DEL ESTERO", -27.8000,  -64.3000,   199.0,187706,   382, , ,R,078393
ARMLP087129,                   "SANTIAGO DEL ESTERO", -27.8000,  -64.3000,   199.0,187707,   210, , ,R,078393
ARMLP087129,                   "SANTIAGO DEL ESTERO", -27.8000,  -64.3000,   199.0,187708,    19, , ,R,078393
ARMLP087129,                   "SANTIAGO DEL ESTERO", -27.8000,  -64.3000,   199.0,187709,    29, , ,R,078393
ARMLP087129,                   "SANTIAGO DEL ESTERO", -27.8000,  -64.3000,   199.0,187710,   204, , ,R,078393
ARMLP087129,                   "SANTIAGO DEL ESTERO", -27.8000,  -64.3000,   199.0,187711,   777, , ,R,078393
ARMLP087129,                   "SANTIAGO DEL ESTERO", -27.8000,  -64.3000,   199.0,187712,   231, , ,R,078393
ARMLP087129,                   "SANTIAGO DEL ESTERO", -27.8000,  -64.3000,   199.0,187803,  1258, , ,R,078393
ARMLP087129,                   "SANTIAGO DEL ESTERO", -27.8000,  -64.3000,   199.0,187804,   758, , ,R,078393
ARMLP087129,                   "SANTIAGO DEL ESTERO", -27.8000,  -64.3000,   199.0,187805,    61, , ,R,078393
ARMLP087129,                   "SANTIAGO DEL ESTERO", -27.8000,  -64.3000,   199.0,187806,     9, , ,R,078393
ARMLP087129,                   "SANTIAGO DEL ESTERO", -27.8000,  -64.3000,   199.0,187807,     0, , ,R,078393
ARMLP087129,                   "SANTIAGO DEL ESTERO", -27.8000,  -64.3000,   199.0,187808,     6, , ,R,078393
ARMLP087129,                   "SANTIAGO DEL ESTERO", -27.8000,  -64.3000,   199.0,187809,   355, , ,R,078393
ARMLP087129,                   "SANTIAGO DEL ESTERO", -27.8000,  -64.3000,   199.0,187810,    65, , ,R,078393
ARMLP087129,                   "SANTIAGO DEL ESTERO", -27.8000,  -64.3000,   199.0,187811,   380, , ,R,078393
ARMLP087129,                   "SANTIAGO DEL ESTERO", -27.8000,  -64.3000,   199.0,187812,   401, , ,R,078393
ARMLP087129,                   "SANTIAGO DEL ESTERO", -27.8000,  -64.3000,   199.0,187901,    97, , ,R,078393
ARMLP087129,                   "SANTIAGO DEL ESTERO", -27.8000,  -64.3000,   199.0,187902,   439, , ,R,078393
ARMLP087129,                   "SANTIAGO DEL ESTERO", -27.8000,  -64.3000,   199.0,187903,  1947, , ,R,078393
ARMLP087129,                   "SANTIAGO DEL ESTERO", -27.8000,  -64.3000,   199.0,187904,   188, , ,R,078393
ARMLP087129,                   "SANTIAGO DEL ESTERO", -27.8000,  -64.3000,   199.0,187905,   190, , ,R,078393
ARMLP087129,                   "SANTIAGO DEL ESTERO", -27.8000,  -64.3000,   199.0,187906,    23, , ,R,078393
ARMLP087129,                   "SANTIAGO DEL ESTERO", -27.8000,  -64.3000,   199.0,187907,     0, , ,R,078393
ARMLP087129,                   "SANTIAGO DEL ESTERO", -27.8000,  -64.3000,   199.0,187908,     7, , ,R,078393
ARMLP087129,                   "SANTIAGO DEL ESTERO", -27.8000,  -64.3000,   199.0,187909,     6, , ,R,078393
ARMLP087129,                   "SANTIAGO DEL ESTERO", -27.8000,  -64.3000,   199.0,187910,   533, , ,R,078393
ARMLP087129,                   "SANTIAGO DEL ESTERO", -27.8000,  -64.3000,   199.0,187911,  1185, , ,R,078393
ARMLP087129,                   "SANTIAGO DEL ESTERO", -27.8000,  -64.3000,   199.0,187912,   612, , ,R,078393
ARMLP087129,                   "SANTIAGO DEL ESTERO", -27.8000,  -64.3000,   199.0,188001,   658, , ,R,078393
ARMLP087129,                   "SANTIAGO DEL ESTERO", -27.8000,  -64.3000,   199.0,188002,   171, , ,R,078393
ARMLP087129,                   "SANTIAGO DEL ESTERO", -27.8000,  -64.3000,   199.0,188003,   133, , ,R,078393
ARMLP087129,                   "SANTIAGO DEL ESTERO", -27.8000,  -64.3000,   199.0,188004,    15, , ,R,078393
ARMLP087129,                   "SANTIAGO DEL ESTERO", -27.8000,  -64.3000,   199.0,188005,     0, , ,R,078393
ARMLP087129,                   "SANTIAGO DEL ESTERO", -27.8000,  -64.3000,   199.0,188006,    12, , ,R,078393
ARMLP087129,                   "SANTIAGO DEL ESTERO", -27.8000,  -64.3000,   199.0,188007,   127, , ,R,078393
ARMLP087129,                   "SANTIAGO DEL ESTERO", -27.8000,  -64.3000,   199.0,188008,     0, , ,R,078393
ARMLP087129,                   "SANTIAGO DEL ESTERO", -27.8000,  -64.3000,   199.0,188009,   748, , ,R,078393
ARMLP087129,                   "SANTIAGO DEL ESTERO", -27.8000,  -64.3000,   199.0,188010,   484, , ,R,078393
ARMLP087129,                   "SANTIAGO DEL ESTERO", -27.8000,  -64.3000,   199.0,188011,   375, , ,R,078393
ARMLP087129,                   "SANTIAGO DEL ESTERO", -27.8000,  -64.3000,   199.0,188012,  1075, , ,R,078393
ARMLP087129,                   "SANTIAGO DEL ESTERO", -27.8000,  -64.3000,   199.0,188101,   552, , ,R,078393
ARMLP087129,                   "SANTIAGO DEL ESTERO", -27.8000,  -64.3000,   199.0,188102,   139, , ,R,078393
ARMLP087129,                   "SANTIAGO DEL ESTERO", -27.8000,  -64.3000,   199.0,188103,  2508, , ,R,078393
ARMLP087129,                   "SANTIAGO DEL ESTERO", -27.8000,  -64.3000,   199.0,188104,   370, , ,R,078393
ARMLP087129,                   "SANTIAGO DEL ESTERO", -27.8000,  -64.3000,   199.0,188105,    93, , ,R,078393
ARMLP087129,                   "SANTIAGO DEL ESTERO", -27.8000,  -64.3000,   199.0,188106,    99, , ,R,078393
ARMLP087129,                   "SANTIAGO DEL ESTERO", -27.8000,  -64.3000,   199.0,188107,    61, , ,R,078393
ARMLP087129,                   "SANTIAGO DEL ESTERO", -27.8000,  -64.3000,   199.0,188108,     0, , ,R,078393
ARMLP087129,                   "SANTIAGO DEL ESTERO", -27.8000,  -64.3000,   199.0,188109,     0, , ,R,078393
ARMLP087129,                   "SANTIAGO DEL ESTERO", -27.8000,  -64.3000,   199.0,188110,   161, , ,R,078393
ARMLP087129,                   "SANTIAGO DEL ESTERO", -27.8000,  -64.3000,   199.0,188111,   527, , ,R,078393
ARMLP087129,                   "SANTIAGO DEL ESTERO", -27.8000,  -64.3000,   199.0,188112,   968, , ,R,078393
ARMLP087129,                   "SANTIAGO DEL ESTERO", -27.8000,  -64.3000,   199.0,188201,   323, , ,R,078393
ARMLP087129,                   "SANTIAGO DEL ESTERO", -27.8000,  -64.3000,   199.0,188202,  1364, , ,R,078393
ARMLP087129,                   "SANTIAGO DEL ESTERO", -27.8000,  -64.3000,   199.0,188203,   162, , ,R,078393
ARMLP087129,                   "SANTIAGO DEL ESTERO", -27.8000,  -64.3000,   199.0,188204,   318, , ,R,078393
ARMLP087129,                   "SANTIAGO DEL ESTERO", -27.8000,  -64.3000,   199.0,188205,   494, , ,R,078393
ARMLP087129,                   "SANTIAGO DEL ESTERO", -27.8000,  -64.3000,   199.0,188206,    16, , ,R,078393
ARMLP087129,                   "SANTIAGO DEL ESTERO", -27.8000,  -64.3000,   199.0,188207,     0, , ,R,078393
ARMLP087129,                   "SANTIAGO DEL ESTERO", -27.8000,  -64.3000,   199.0,188208,     0, , ,R,078393
ARMLP087129,                   "SANTIAGO DEL ESTERO", -27.8000,  -64.3000,   199.0,188209,     0, , ,R,078393
ARMLP087129,                   "SANTIAGO DEL ESTERO", -27.8000,  -64.3000,   199.0,188210,   493, , ,R,078393
ARMLP087129,                   "SANTIAGO DEL ESTERO", -27.8000,  -64.3000,   199.0,188211,   463, , ,R,078393
ARMLP087129,                   "SANTIAGO DEL ESTERO", -27.8000,  -64.3000,   199.0,188212,   590, , ,R,078393
ARMLP087129,                   "SANTIAGO DEL ESTERO", -27.8000,  -64.3000,   199.0,188511,   568, , ,R,078393
ARMLP087129,                   "SANTIAGO DEL ESTERO", -27.8000,  -64.3000,   199.0,188512,   506, , ,R,078393
ARMLP087129,                   "SANTIAGO DEL ESTERO", -27.8000,  -64.3000,   199.0,188601,  1375, , ,R,078393
ARMLP087129,                   "SANTIAGO DEL ESTERO", -27.8000,  -64.3000,   199.0,188602,  1134, , ,R,078393
ARMLP087129,                   "SANTIAGO DEL ESTERO", -27.8000,  -64.3000,   199.0,188603,   759, , ,R,078393
ARMLP087129,                   "SANTIAGO DEL ESTERO", -27.8000,  -64.3000,   199.0,188604,   448, , ,R,078393
ARMLP087129,                   "SANTIAGO DEL ESTERO", -27.8000,  -64.3000,   199.0,188605,     0, , ,R,078393
ARMLP087129,                   "SANTIAGO DEL ESTERO", -27.8000,  -64.3000,   199.0,188606,   100, , ,R,078393
ARMLP087129,                   "SANTIAGO DEL ESTERO", -27.8000,  -64.3000,   199.0,188607,     0, , ,R,078393
ARMLP087129,                   "SANTIAGO DEL ESTERO", -27.8000,  -64.3000,   199.0,188608,    95, , ,R,078393
ARMLP087129,                   "SANTIAGO DEL ESTERO", -27.8000,  -64.3000,   199.0,188609,   216, , ,R,078393
ARMLP087129,                   "SANTIAGO DEL ESTERO", -27.8000,  -64.3000,   199.0,193101,   800, , ,R,078393
ARMLP087129,                   "SANTIAGO DEL ESTERO", -27.8000,  -64.3000,   199.0,193102,   530, , ,R,078393
ARMLP087129,                   "SANTIAGO DEL ESTERO", -27.8000,  -64.3000,   199.0,193103,   460, , ,R,078393
ARMLP087129,                   "SANTIAGO DEL ESTERO", -27.8000,  -64.3000,   199.0,193104,    30, , ,R,078393
ARMLP087129,                   "SANTIAGO DEL ESTERO", -27.8000,  -64.3000,   199.0,193105,    90, , ,R,078393
ARMLP087129,                   "SANTIAGO DEL ESTERO", -27.8000,  -64.3000,   199.0,193106,    60, , ,R,078393
ARMLP087129,                   "SANTIAGO DEL ESTERO", -27.8000,  -64.3000,   199.0,193107,    20, , ,R,078393
ARMLP087129,                   "SANTIAGO DEL ESTERO", -27.8000,  -64.3000,   199.0,193108,    20, , ,R,078393
ARMLP087129,                   "SANTIAGO DEL ESTERO", -27.8000,  -64.3000,   199.0,193109,    40, , ,R,078393
ARMLP087129,                   "SANTIAGO DEL ESTERO", -27.8000,  -64.3000,   199.0,193110,   220, , ,R,078393
ARMLP087129,                   "SANTIAGO DEL ESTERO", -27.8000,  -64.3000,   199.0,193111,   500, , ,R,078393
ARMLP087129,                   "SANTIAGO DEL ESTERO", -27.8000,  -64.3000,   199.0,193112,  1240, , ,R,078393
ARMLP087129,                   "SANTIAGO DEL ESTERO", -27.8000,  -64.3000,   199.0,193201,   900, , ,R,078393
ARMLP087129,                   "SANTIAGO DEL ESTERO", -27.8000,  -64.3000,   199.0,193202,  1240, , ,R,078393
ARMLP087129,                   "SANTIAGO DEL ESTERO", -27.8000,  -64.3000,   199.0,193203,  1310, , ,R,078393
ARMLP087129,                   "SANTIAGO DEL ESTERO", -27.8000,  -64.3000,   199.0,193204,   240, , ,R,078393
ARMLP087129,                   "SANTIAGO DEL ESTERO", -27.8000,  -64.3000,   199.0,193205,    90, , ,R,078393
ARMLP087129,                   "SANTIAGO DEL ESTERO", -27.8000,  -64.3000,   199.0,193206,    10, , ,R,078393
ARMLP087129,                   "SANTIAGO DEL ESTERO", -27.8000,  -64.3000,   199.0,193207,    10, , ,R,078393
ARMLP087129,                   "SANTIAGO DEL ESTERO", -27.8000,  -64.3000,   199.0,193208,    20, , ,R,078393
ARMLP087129,                   "SANTIAGO DEL ESTERO", -27.8000,  -64.3000,   199.0,193209,    70, , ,R,078393
ARMLP087129,                   "SANTIAGO DEL ESTERO", -27.8000,  -64.3000,   199.0,193210,   310, , ,R,078393
ARMLP087129,                   "SANTIAGO DEL ESTERO", -27.8000,  -64.3000,   199.0,193211,   840, , ,R,078393
ARMLP087129,                   "SANTIAGO DEL ESTERO", -27.8000,  -64.3000,   199.0,193212,   790, , ,R,078393
ARMLP087129,                   "SANTIAGO DEL ESTERO", -27.8000,  -64.3000,   199.0,193301,   950, , ,R,078393
ARMLP087129,                   "SANTIAGO DEL ESTERO", -27.8000,  -64.3000,   199.0,193302,   730, , ,R,078393
ARMLP087129,                   "SANTIAGO DEL ESTERO", -27.8000,  -64.3000,   199.0,193303,   930, , ,R,078393
ARMLP087129,                   "SANTIAGO DEL ESTERO", -27.8000,  -64.3000,   199.0,193304,   240, , ,R,078393
ARMLP087129,                   "SANTIAGO DEL ESTERO", -27.8000,  -64.3000,   199.0,193305,    40, , ,R,078393
ARMLP087129,                   "SANTIAGO DEL ESTERO", -27.8000,  -64.3000,   199.0,193306,     0, , ,R,078393
ARMLP087129,                   "SANTIAGO DEL ESTERO", -27.8000,  -64.3000,   199.0,193307,     0, , ,R,078393
ARMLP087129,                   "SANTIAGO DEL ESTERO", -27.8000,  -64.3000,   199.0,193308,     0, , ,R,078393
ARMLP087129,                   "SANTIAGO DEL ESTERO", -27.8000,  -64.3000,   199.0,193309,   160, , ,R,078393
ARMLP087129,                   "SANTIAGO DEL ESTERO", -27.8000,  -64.3000,   199.0,193310,   280, , ,R,078393
ARMLP087129,                   "SANTIAGO DEL ESTERO", -27.8000,  -64.3000,   199.0,193311,   820, , ,R,078393
ARMLP087129,                   "SANTIAGO DEL ESTERO", -27.8000,  -64.3000,   199.0,193312,   560, , ,R,078393
ARMLP087129,                   "SANTIAGO DEL ESTERO", -27.8000,  -64.3000,   199.0,193401,   700, , ,R,078393
ARMLP087129,                   "SANTIAGO DEL ESTERO", -27.8000,  -64.3000,   199.0,193402,   330, , ,R,078393
ARMLP087129,                   "SANTIAGO DEL ESTERO", -27.8000,  -64.3000,   199.0,193403,  1290, , ,R,078393
ARMLP087129,                   "SANTIAGO DEL ESTERO", -27.8000,  -64.3000,   199.0,193404,   290, , ,R,078393
ARMLP087129,                   "SANTIAGO DEL ESTERO", -27.8000,  -64.3000,   199.0,193405,    60, , ,R,078393
ARMLP087129,                   "SANTIAGO DEL ESTERO", -27.8000,  -64.3000,   199.0,193406,    30, , ,R,078393
ARMLP087129,                   "SANTIAGO DEL ESTERO", -27.8000,  -64.3000,   199.0,193407,    40, , ,R,078393
ARMLP087129,                   "SANTIAGO DEL ESTERO", -27.8000,  -64.3000,   199.0,193408,   210, , ,R,078393
ARMLP087129,                   "SANTIAGO DEL ESTERO", -27.8000,  -64.3000,   199.0,193409,   230, , ,R,078393
ARMLP087129,                   "SANTIAGO DEL ESTERO", -27.8000,  -64.3000,   199.0,193410,   190, , ,R,078393
ARMLP087129,                   "SANTIAGO DEL ESTERO", -27.8000,  -64.3000,   199.0,193411,  1390, , ,R,078393
ARMLP087129,                   "SANTIAGO DEL ESTERO", -27.8000,  -64.3000,   199.0,193412,  1780, , ,R,078393
ARMLP087129,                   "SANTIAGO DEL ESTERO", -27.8000,  -64.3000,   199.0,193501,   360, , ,R,078393
ARMLP087129,                   "SANTIAGO DEL ESTERO", -27.8000,  -64.3000,   199.0,193502,  3080, , ,R,078393
ARMLP087129,                   "SANTIAGO DEL ESTERO", -27.8000,  -64.3000,   199.0,193503,  1540, , ,R,078393
ARMLP087129,                   "SANTIAGO DEL ESTERO", -27.8000,  -64.3000,   199.0,193504,    60, , ,R,078393
ARMLP087129,                   "SANTIAGO DEL ESTERO", -27.8000,  -64.3000,   199.0,193505,     0, , ,R,078393
ARMLP087129,                   "SANTIAGO DEL ESTERO", -27.8000,  -64.3000,   199.0,193506,   430, , ,R,078393
ARMLP087129,                   "SANTIAGO DEL ESTERO", -27.8000,  -64.3000,   199.0,193507,     0, , ,R,078393
ARMLP087129,                   "SANTIAGO DEL ESTERO", -27.8000,  -64.3000,   199.0,193508,    10, , ,R,078393
ARMLP087129,                   "SANTIAGO DEL ESTERO", -27.8000,  -64.3000,   199.0,193509,     0, , ,R,078393
ARMLP087129,                   "SANTIAGO DEL ESTERO", -27.8000,  -64.3000,   199.0,193510,    50, , ,R,078393
ARMLP087129,                   "SANTIAGO DEL ESTERO", -27.8000,  -64.3000,   199.0,193511,   240, , ,R,078393
ARMLP087129,                   "SANTIAGO DEL ESTERO", -27.8000,  -64.3000,   199.0,193512,  1070, , ,R,078393
ARMLP087129,                   "SANTIAGO DEL ESTERO", -27.8000,  -64.3000,   199.0,193601,   710, , ,R,078393
ARMLP087129,                   "SANTIAGO DEL ESTERO", -27.8000,  -64.3000,   199.0,193602,   920, , ,R,078393
ARMLP087129,                   "SANTIAGO DEL ESTERO", -27.8000,  -64.3000,   199.0,193603,   900, , ,R,078393
ARMLP087129,                   "SANTIAGO DEL ESTERO", -27.8000,  -64.3000,   199.0,193604,   100, , ,R,078393
ARMLP087129,                   "SANTIAGO DEL ESTERO", -27.8000,  -64.3000,   199.0,193605,    50, , ,R,078393
ARMLP087129,                   "SANTIAGO DEL ESTERO", -27.8000,  -64.3000,   199.0,193606,   260, , ,R,078393
ARMLP087129,                   "SANTIAGO DEL ESTERO", -27.8000,  -64.3000,   199.0,193607,     0, , ,R,078393
ARMLP087129,                   "SANTIAGO DEL ESTERO", -27.8000,  -64.3000,   199.0,193608,     0, , ,R,078393
ARMLP087129,                   "SANTIAGO DEL ESTERO", -27.8000,  -64.3000,   199.0,193609,     0, , ,R,078393
ARMLP087129,                   "SANTIAGO DEL ESTERO", -27.8000,  -64.3000,   199.0,193610,    20, , ,R,078393
ARMLP087129,                   "SANTIAGO DEL ESTERO", -27.8000,  -64.3000,   199.0,193611,   720, , ,R,078393
ARMLP087129,                   "SANTIAGO DEL ESTERO", -27.8000,  -64.3000,   199.0,193612,   740, , ,R,078393
ARMLP087129,                   "SANTIAGO DEL ESTERO", -27.8000,  -64.3000,   199.0,193701,   500, , ,R,078393
ARMLP087129,                   "SANTIAGO DEL ESTERO", -27.8000,  -64.3000,   199.0,193702,   330, , ,R,078393
ARMLP087129,                   "SANTIAGO DEL ESTERO", -27.8000,  -64.3000,   199.0,193703,   190, , ,R,078393
ARMLP087129,                   "SANTIAGO DEL ESTERO", -27.8000,  -64.3000,   199.0,193704,   470, , ,R,078393
ARMLP087129,                   "SANTIAGO DEL ESTERO", -27.8000,  -64.3000,   199.0,193705,   130, , ,R,078393
ARMLP087129,                   "SANTIAGO DEL ESTERO", -27.8000,  -64.3000,   199.0,193706,    30, , ,R,078393
ARMLP087129,                   "SANTIAGO DEL ESTERO", -27.8000,  -64.3000,   199.0,193707,     0, , ,R,078393
ARMLP087129,                   "SANTIAGO DEL ESTERO", -27.8000,  -64.3000,   199.0,193708,    30, , ,R,078393
ARMLP087129,                   "SANTIAGO DEL ESTERO", -27.8000,  -64.3000,   199.0,193709,    30, , ,R,078393
ARMLP087129,                   "SANTIAGO DEL ESTERO", -27.8000,  -64.3000,   199.0,193710,    60, , ,R,078393
ARMLP087129,                   "SANTIAGO DEL ESTERO", -27.8000,  -64.3000,   199.0,193711,   180, , ,R,078393
ARMLP087129,                   "SANTIAGO DEL ESTERO", -27.8000,  -64.3000,   199.0,193712,   440, , ,R,078393
ARMLP087129,                   "SANTIAGO DEL ESTERO", -27.8000,  -64.3000,   199.0,193801,  1910, , ,R,078393
ARMLP087129,                   "SANTIAGO DEL ESTERO", -27.8000,  -64.3000,   199.0,193802,   910, , ,R,078393
ARMLP087129,                   "SANTIAGO DEL ESTERO", -27.8000,  -64.3000,   199.0,193803,  1450, , ,R,078393
ARMLP087129,                   "SANTIAGO DEL ESTERO", -27.8000,  -64.3000,   199.0,193804,   160, , ,R,078393
ARMLP087129,                   "SANTIAGO DEL ESTERO", -27.8000,  -64.3000,   199.0,193805,   570, , ,R,078393
ARMLP087129,                   "SANTIAGO DEL ESTERO", -27.8000,  -64.3000,   199.0,193806,    60, , ,R,078393
ARMLP087129,                   "SANTIAGO DEL ESTERO", -27.8000,  -64.3000,   199.0,193807,    20, , ,R,078393
ARMLP087129,                   "SANTIAGO DEL ESTERO", -27.8000,  -64.3000,   199.0,193808,    60, , ,R,078393
ARMLP087129,                   "SANTIAGO DEL ESTERO", -27.8000,  -64.3000,   199.0,193809,     0, , ,R,078393
ARMLP087129,                   "SANTIAGO DEL ESTERO", -27.8000,  -64.3000,   199.0,193810,    30, , ,R,078393
ARMLP087129,                   "SANTIAGO DEL ESTERO", -27.8000,  -64.3000,   199.0,193811,   420, , ,R,078393
ARMLP087129,                   "SANTIAGO DEL ESTERO", -27.8000,  -64.3000,   199.0,193812,  1550, , ,R,078393
ARMLP087129,                   "SANTIAGO DEL ESTERO", -27.8000,  -64.3000,   199.0,193901,  1010, , ,R,078393
ARMLP087129,                   "SANTIAGO DEL ESTERO", -27.8000,  -64.3000,   199.0,193902,  1150, , ,R,078393
ARMLP087129,                   "SANTIAGO DEL ESTERO", -27.8000,  -64.3000,   199.0,193903,  2520, , ,R,078393
ARMLP087129,                   "SANTIAGO DEL ESTERO", -27.8000,  -64.3000,   199.0,193904,   200, , ,R,078393
ARMLP087129,                   "SANTIAGO DEL ESTERO", -27.8000,  -64.3000,   199.0,193905,    30, , ,R,078393
ARMLP087129,                   "SANTIAGO DEL ESTERO", -27.8000,  -64.3000,   199.0,193906,    40, , ,R,078393
ARMLP087129,                   "SANTIAGO DEL ESTERO", -27.8000,  -64.3000,   199.0,193907,     0, , ,R,078393
ARMLP087129,                   "SANTIAGO DEL ESTERO", -27.8000,  -64.3000,   199.0,193908,     0, , ,R,078393
ARMLP087129,                   "SANTIAGO DEL ESTERO", -27.8000,  -64.3000,   199.0,193909,   420, , ,R,078393
ARMLP087129,                   "SANTIAGO DEL ESTERO", -27.8000,  -64.3000,   199.0,193910,   700, , ,R,078393
ARMLP087129,                   "SANTIAGO DEL ESTERO", -27.8000,  -64.3000,   199.0,193911,   350, , ,R,078393
ARMLP087129,                   "SANTIAGO DEL ESTERO", -27.8000,  -64.3000,   199.0,193912,  1030, , ,R,078393
ARMLP087129,                   "SANTIAGO DEL ESTERO", -27.8000,  -64.3000,   199.0,194001,   600, , ,R,078393
ARMLP087129,                   "SANTIAGO DEL ESTERO", -27.8000,  -64.3000,   199.0,194002,   700, , ,R,078393
ARMLP087129,                   "SANTIAGO DEL ESTERO", -27.8000,  -64.3000,   199.0,194003,   730, , ,R,078393
ARMLP087129,                   "SANTIAGO DEL ESTERO", -27.8000,  -64.3000,   199.0,194004,   460, , ,R,078393
ARMLP087129,                   "SANTIAGO DEL ESTERO", -27.8000,  -64.3000,   199.0,194005,   570, , ,R,078393
ARMLP087129,                   "SANTIAGO DEL ESTERO", -27.8000,  -64.3000,   199.0,194006,   210, , ,R,078393
ARMLP087129,                   "SANTIAGO DEL ESTERO", -27.8000,  -64.3000,   199.0,194007,   130, , ,R,078393
ARMLP087129,                   "SANTIAGO DEL ESTERO", -27.8000,  -64.3000,   199.0,194008,    90, , ,R,078393
ARMLP087129,                   "SANTIAGO DEL ESTERO", -27.8000,  -64.3000,   199.0,194009,   100, , ,R,078393
ARMLP087129,                   "SANTIAGO DEL ESTERO", -27.8000,  -64.3000,   199.0,194010,   320, , ,R,078393
ARMLP087129,                   "SANTIAGO DEL ESTERO", -27.8000,  -64.3000,   199.0,194011,   770, , ,R,078393
ARMLP087129,                   "SANTIAGO DEL ESTERO", -27.8000,  -64.3000,   199.0,194012,  1220, , ,R,078393
ARMLP087129,                   "SANTIAGO DEL ESTERO", -27.8000,  -64.3000,   199.0,194101,   670, , ,R,078393
ARMLP087129,                   "SANTIAGO DEL ESTERO", -27.8000,  -64.3000,   199.0,194102,  1420, , ,R,078393
ARMLP087129,                   "SANTIAGO DEL ESTERO", -27.8000,  -64.3000,   199.0,194103,  1050, , ,R,078393
ARMLP087129,                   "SANTIAGO DEL ESTERO", -27.8000,  -64.3000,   199.0,194104,   290, , ,R,078393
ARMLP087129,                   "SANTIAGO DEL ESTERO", -27.8000,  -64.3000,   199.0,194105,   330, , ,R,078393
ARMLP087129,                   "SANTIAGO DEL ESTERO", -27.8000,  -64.3000,   199.0,194106,    60, , ,R,078393
ARMLP087129,                   "SANTIAGO DEL ESTERO", -27.8000,  -64.3000,   199.0,194107,    70, , ,R,078393
ARMLP087129,                   "SANTIAGO DEL ESTERO", -27.8000,  -64.3000,   199.0,194108,    40, , ,R,078393
ARMLP087129,                   "SANTIAGO DEL ESTERO", -27.8000,  -64.3000,   199.0,194109,    20, , ,R,078393
ARMLP087129,                   "SANTIAGO DEL ESTERO", -27.8000,  -64.3000,   199.0,194110,   280, , ,R,078393
ARMLP087129,                   "SANTIAGO DEL ESTERO", -27.8000,  -64.3000,   199.0,194111,   240, , ,R,078393
ARMLP087129,                   "SANTIAGO DEL ESTERO", -27.8000,  -64.3000,   199.0,194112,   340, , ,R,078393
ARMLP087129,                   "SANTIAGO DEL ESTERO", -27.8000,  -64.3000,   199.0,194201,   470, , ,R,078393
ARMLP087129,                   "SANTIAGO DEL ESTERO", -27.8000,  -64.3000,   199.0,194202,  1600, , ,R,078393
ARMLP087129,                   "SANTIAGO DEL ESTERO", -27.8000,  -64.3000,   199.0,194203,   510, , ,R,078393
ARMLP087129,                   "SANTIAGO DEL ESTERO", -27.8000,  -64.3000,   199.0,194204,   900, , ,R,078393
ARMLP087129,                   "SANTIAGO DEL ESTERO", -27.8000,  -64.3000,   199.0,194205,   140, , ,R,078393
ARMLP087129,                   "SANTIAGO DEL ESTERO", -27.8000,  -64.3000,   199.0,194206,   140, , ,R,078393
ARMLP087129,                   "SANTIAGO DEL ESTERO", -27.8000,  -64.3000,   199.0,194207,    20, , ,R,078393
ARMLP087129,                   "SANTIAGO DEL ESTERO", -27.8000,  -64.3000,   199.0,194208,     0, , ,R,078393
ARMLP087129,                   "SANTIAGO DEL ESTERO", -27.8000,  -64.3000,   199.0,194209,   100, , ,R,078393
ARMLP087129,                   "SANTIAGO DEL ESTERO", -27.8000,  -64.3000,   199.0,194210,    70, , ,R,078393
ARMLP087129,                   "SANTIAGO DEL ESTERO", -27.8000,  -64.3000,   199.0,194211,   420, , ,R,078393
ARMLP087129,                   "SANTIAGO DEL ESTERO", -27.8000,  -64.3000,   199.0,194212,   420, , ,R,078393
ARMLP087129,                   "SANTIAGO DEL ESTERO", -27.8000,  -64.3000,   199.0,194301,   240, , ,R,078393
ARMLP087129,                   "SANTIAGO DEL ESTERO", -27.8000,  -64.3000,   199.0,194302,   380, , ,R,078393
ARMLP087129,                   "SANTIAGO DEL ESTERO", -27.8000,  -64.3000,   199.0,194303,  1680, , ,R,078393
ARMLP087129,                   "SANTIAGO DEL ESTERO", -27.8000,  -64.3000,   199.0,194304,   420, , ,R,078393
ARMLP087129,                   "SANTIAGO DEL ESTERO", -27.8000,  -64.3000,   199.0,194305,   360, , ,R,078393
ARMLP087129,                   "SANTIAGO DEL ESTERO", -27.8000,  -64.3000,   199.0,194306,   180, , ,R,078393
ARMLP087129,                   "SANTIAGO DEL ESTERO", -27.8000,  -64.3000,   199.0,194307,    70, , ,R,078393
ARMLP087129,                   "SANTIAGO DEL ESTERO", -27.8000,  -64.3000,   199.0,194308,    10, , ,R,078393
ARMLP087129,                   "SANTIAGO DEL ESTERO", -27.8000,  -64.3000,   199.0,194309,   130, , ,R,078393
ARMLP087129,                   "SANTIAGO DEL ESTERO", -27.8000,  -64.3000,   199.0,194310,   620, , ,R,078393
ARMLP087129,                   "SANTIAGO DEL ESTERO", -27.8000,  -64.3000,   199.0,194311,  1720, , ,R,078393
ARMLP087129,                   "SANTIAGO DEL ESTERO", -27.8000,  -64.3000,   199.0,194312,   390, , ,R,078393
ARMLP087129,                   "SANTIAGO DEL ESTERO", -27.8000,  -64.3000,   199.0,194401,   550, , ,R,078393
ARMLP087129,                   "SANTIAGO DEL ESTERO", -27.8000,  -64.3000,   199.0,194402,   950, , ,R,078393
ARMLP087129,                   "SANTIAGO DEL ESTERO", -27.8000,  -64.3000,   199.0,194403,  1290, , ,R,078393
ARMLP087129,                   "SANTIAGO DEL ESTERO", -27.8000,  -64.3000,   199.0,194404,    60, , ,R,078393
ARMLP087129,                   "SANTIAGO DEL ESTERO", -27.8000,  -64.3000,   199.0,194405,    20, , ,R,078393
ARMLP087129,                   "SANTIAGO DEL ESTERO", -27.8000,  -64.3000,   199.0,194406,    50, , ,R,078393
ARMLP087129,                   "SANTIAGO DEL ESTERO", -27.8000,  -64.3000,   199.0,194407,     0, , ,R,078393
ARMLP087129,                   "SANTIAGO DEL ESTERO", -27.8000,  -64.3000,   199.0,194408,    70, , ,R,078393
ARMLP087129,                   "SANTIAGO DEL ESTERO", -27.8000,  -64.3000,   199.0,194409,     0, , ,R,078393
ARMLP087129,                   "SANTIAGO DEL ESTERO", -27.8000,  -64.3000,   199.0,194410,   600, , ,R,078393
ARMLP087129,                   "SANTIAGO DEL ESTERO", -27.8000,  -64.3000,   199.0,194411,   550, , ,R,078393
ARMLP087129,                   "SANTIAGO DEL ESTERO", -27.8000,  -64.3000,   199.0,194412,   460, , ,R,078393
ARMLP087129,                   "SANTIAGO DEL ESTERO", -27.8000,  -64.3000,   199.0,194501,   720, , ,R,078393
ARMLP087129,                   "SANTIAGO DEL ESTERO", -27.8000,  -64.3000,   199.0,194502,  1720, , ,R,078393
ARMLP087129,                   "SANTIAGO DEL ESTERO", -27.8000,  -64.3000,   199.0,194503,   440, , ,R,078393
ARMLP087129,                   "SANTIAGO DEL ESTERO", -27.8000,  -64.3000,   199.0,194504,   160, , ,R,078393
ARMLP087129,                   "SANTIAGO DEL ESTERO", -27.8000,  -64.3000,   199.0,194505,     0, , ,R,078393
ARMLP087129,                   "SANTIAGO DEL ESTERO", -27.8000,  -64.3000,   199.0,194506,     0, , ,R,078393
ARMLP087129,                   "SANTIAGO DEL ESTERO", -27.8000,  -64.3000,   199.0,194507,     0, , ,R,078393
ARMLP087129,                   "SANTIAGO DEL ESTERO", -27.8000,  -64.3000,   199.0,194508,    20, , ,R,078393
ARMLP087129,                   "SANTIAGO DEL ESTERO", -27.8000,  -64.3000,   199.0,194509,    60, , ,R,078393
ARMLP087129,                   "SANTIAGO DEL ESTERO", -27.8000,  -64.3000,   199.0,194510,  1300, , ,R,078393
ARMLP087129,                   "SANTIAGO DEL ESTERO", -27.8000,  -64.3000,   199.0,194511,   180, , ,R,078393
ARMLP087129,                   "SANTIAGO DEL ESTERO", -27.8000,  -64.3000,   199.0,194512,   520, , ,R,078393
ARMLP087129,                   "SANTIAGO DEL ESTERO", -27.8000,  -64.3000,   199.0,194601,  2090, , ,R,078393
ARMLP087129,                   "SANTIAGO DEL ESTERO", -27.8000,  -64.3000,   199.0,194602,   390, , ,R,078393
ARMLP087129,                   "SANTIAGO DEL ESTERO", -27.8000,  -64.3000,   199.0,194603,  1280, , ,R,078393
ARMLP087129,                   "SANTIAGO DEL ESTERO", -27.8000,  -64.3000,   199.0,194604,   220, , ,R,078393
ARMLP087129,                   "SANTIAGO DEL ESTERO", -27.8000,  -64.3000,   199.0,194605,   300, , ,R,078393
ARMLP087129,                   "SANTIAGO DEL ESTERO", -27.8000,  -64.3000,   199.0,194606,   110, , ,R,078393
ARMLP087129,                   "SANTIAGO DEL ESTERO", -27.8000,  -64.3000,   199.0,194607,   120, , ,R,078393
ARMLP087129,                   "SANTIAGO DEL ESTERO", -27.8000,  -64.3000,   199.0,194608,    90, , ,R,078393
ARMLP087129,                   "SANTIAGO DEL ESTERO", -27.8000,  -64.3000,   199.0,194609,     0, , ,R,078393
ARMLP087129,                   "SANTIAGO DEL ESTERO", -27.8000,  -64.3000,   199.0,194610,   220, , ,R,078393
ARMLP087129,                   "SANTIAGO DEL ESTERO", -27.8000,  -64.3000,   199.0,194611,  1040, , ,R,078393
ARMLP087129,                   "SANTIAGO DEL ESTERO", -27.8000,  -64.3000,   199.0,194612,   190, , ,R,078393
ARMLP087129,                   "SANTIAGO DEL ESTERO", -27.8000,  -64.3000,   199.0,194701,   690, , ,R,078393
ARMLP087129,                   "SANTIAGO DEL ESTERO", -27.8000,  -64.3000,   199.0,194702,   600, , ,R,078393
ARMLP087129,                   "SANTIAGO DEL ESTERO", -27.8000,  -64.3000,   199.0,194703,   240, , ,R,078393
ARMLP087129,                   "SANTIAGO DEL ESTERO", -27.8000,  -64.3000,   199.0,194704,   240, , ,R,078393
ARMLP087129,                   "SANTIAGO DEL ESTERO", -27.8000,  -64.3000,   199.0,194705,   190, , ,R,078393
ARMLP087129,                   "SANTIAGO DEL ESTERO", -27.8000,  -64.3000,   199.0,194706,   220, , ,R,078393
ARMLP087129,                   "SANTIAGO DEL ESTERO", -27.8000,  -64.3000,   199.0,194707,    10, , ,R,078393
ARMLP087129,                   "SANTIAGO DEL ESTERO", -27.8000,  -64.3000,   199.0,194708,    20, , ,R,078393
ARMLP087129,                   "SANTIAGO DEL ESTERO", -27.8000,  -64.3000,   199.0,194709,   250, , ,R,078393
ARMLP087129,                   "SANTIAGO DEL ESTERO", -27.8000,  -64.3000,   199.0,194710,   610, , ,R,078393
ARMLP087129,                   "SANTIAGO DEL ESTERO", -27.8000,  -64.3000,   199.0,194711,    80, , ,R,078393
ARMLP087129,                   "SANTIAGO DEL ESTERO", -27.8000,  -64.3000,   199.0,194712,   440, , ,R,078393
ARMLP087129,                   "SANTIAGO DEL ESTERO", -27.8000,  -64.3000,   199.0,194801,   880, , ,R,078393
ARMLP087129,                   "SANTIAGO DEL ESTERO", -27.8000,  -64.3000,   199.0,194802,  2700, , ,R,078393
ARMLP087129,                   "SANTIAGO DEL ESTERO", -27.8000,  -64.3000,   199.0,194803,   720, , ,R,078393
ARMLP087129,                   "SANTIAGO DEL ESTERO", -27.8000,  -64.3000,   199.0,194804,    90, , ,R,078393
ARMLP087129,                   "SANTIAGO DEL ESTERO", -27.8000,  -64.3000,   199.0,194805,    30, , ,R,078393
ARMLP087129,                   "SANTIAGO DEL ESTERO", -27.8000,  -64.3000,   199.0,194806,     0, , ,R,078393
ARMLP087129,                   "SANTIAGO DEL ESTERO", -27.8000,  -64.3000,   199.0,194807,    10, , ,R,078393
ARMLP087129,                   "SANTIAGO DEL ESTERO", -27.8000,  -64.3000,   199.0,194808,     0, , ,R,078393
ARMLP087129,                   "SANTIAGO DEL ESTERO", -27.8000,  -64.3000,   199.0,194809,    70, , ,R,078393
ARMLP087129,                   "SANTIAGO DEL ESTERO", -27.8000,  -64.3000,   199.0,194810,   200, , ,R,078393
ARMLP087129,                   "SANTIAGO DEL ESTERO", -27.8000,  -64.3000,   199.0,194811,  1100, , ,R,078393
ARMLP087129,                   "SANTIAGO DEL ESTERO", -27.8000,  -64.3000,   199.0,194812,   610, , ,R,078393
ARMLP087129,                   "SANTIAGO DEL ESTERO", -27.8000,  -64.3000,   199.0,194901,   560, , ,R,078393
ARMLP087129,                   "SANTIAGO DEL ESTERO", -27.8000,  -64.3000,   199.0,194902,   450, , ,R,078393
ARMLP087129,                   "SANTIAGO DEL ESTERO", -27.8000,  -64.3000,   199.0,194903,  1110, , ,R,078393
ARMLP087129,                   "SANTIAGO DEL ESTERO", -27.8000,  -64.3000,   199.0,194904,   150, , ,R,078393
ARMLP087129,                   "SANTIAGO DEL ESTERO", -27.8000,  -64.3000,   199.0,194905,    40, , ,R,078393
ARMLP087129,                   "SANTIAGO DEL ESTERO", -27.8000,  -64.3000,   199.0,194906,   160, , ,R,078393
ARMLP087129,                   "SANTIAGO DEL ESTERO", -27.8000,  -64.3000,   199.0,194907,    20, , ,R,078393
ARMLP087129,                   "SANTIAGO DEL ESTERO", -27.8000,  -64.3000,   199.0,194908,     0, , ,R,078393
ARMLP087129,                   "SANTIAGO DEL ESTERO", -27.8000,  -64.3000,   199.0,194909,   230, , ,R,078393
ARMLP087129,                   "SANTIAGO DEL ESTERO", -27.8000,  -64.3000,   199.0,194910,  2190, , ,R,078393
ARMLP087129,                   "SANTIAGO DEL ESTERO", -27.8000,  -64.3000,   199.0,194911,   700, , ,R,078393
ARMLP087129,                   "SANTIAGO DEL ESTERO", -27.8000,  -64.3000,   199.0,194912,   580, , ,R,078393
ARMLP087129,                   "SANTIAGO DEL ESTERO", -27.8000,  -64.3000,   199.0,195001,   560, , ,R,078393
ARMLP087129,                   "SANTIAGO DEL ESTERO", -27.8000,  -64.3000,   199.0,195002,   160, , ,R,078393
ARMLP087129,                   "SANTIAGO DEL ESTERO", -27.8000,  -64.3000,   199.0,195003,   400, , ,R,078393
ARMLP087129,                   "SANTIAGO DEL ESTERO", -27.8000,  -64.3000,   199.0,195004,   280, , ,R,078393
ARMLP087129,                   "SANTIAGO DEL ESTERO", -27.8000,  -64.3000,   199.0,195005,   370, , ,R,078393
ARMLP087129,                   "SANTIAGO DEL ESTERO", -27.8000,  -64.3000,   199.0,195006,    50, , ,R,078393
ARMLP087129,                   "SANTIAGO DEL ESTERO", -27.8000,  -64.3000,   199.0,195007,     0, , ,R,078393
ARMLP087129,                   "SANTIAGO DEL ESTERO", -27.8000,  -64.3000,   199.0,195008,     0, , ,R,078393
ARMLP087129,                   "SANTIAGO DEL ESTERO", -27.8000,  -64.3000,   199.0,195009,    20, , ,R,078393
ARMLP087129,                   "SANTIAGO DEL ESTERO", -27.8000,  -64.3000,   199.0,195010,   360, , ,R,078393
ARMLP087129,                   "SANTIAGO DEL ESTERO", -27.8000,  -64.3000,   199.0,195011,   280, , ,R,078393
ARMLP087129,                   "SANTIAGO DEL ESTERO", -27.8000,  -64.3000,   199.0,195012,  1140, , ,R,078393
ARMLP087129,                   "SANTIAGO DEL ESTERO", -27.8000,  -64.3000,   199.0,195101,   500, , ,R,078393
ARMLP087129,                   "SANTIAGO DEL ESTERO", -27.8000,  -64.3000,   199.0,195102,   610, , ,R,078393
ARMLP087129,                   "SANTIAGO DEL ESTERO", -27.8000,  -64.3000,   199.0,195103,   560, , ,R,078393
ARMLP087129,                   "SANTIAGO DEL ESTERO", -27.8000,  -64.3000,   199.0,195104,   340, , ,R,078393
ARMLP087129,                   "SANTIAGO DEL ESTERO", -27.8000,  -64.3000,   199.0,195105,    20, , ,R,078393
ARMLP087129,                   "SANTIAGO DEL ESTERO", -27.8000,  -64.3000,   199.0,195106,    80, , ,R,078393
ARMLP087129,                   "SANTIAGO DEL ESTERO", -27.8000,  -64.3000,   199.0,195107,     0, , ,R,078393
ARMLP087129,                   "SANTIAGO DEL ESTERO", -27.8000,  -64.3000,   199.0,195108,     0, , ,R,078393
ARMLP087129,                   "SANTIAGO DEL ESTERO", -27.8000,  -64.3000,   199.0,195109,     0, , ,R,078393
ARMLP087129,                   "SANTIAGO DEL ESTERO", -27.8000,  -64.3000,   199.0,195110,    20, , ,R,078393
ARMLP087129,                   "SANTIAGO DEL ESTERO", -27.8000,  -64.3000,   199.0,195111,   430, , ,R,078393
ARMLP087129,                   "SANTIAGO DEL ESTERO", -27.8000,  -64.3000,   199.0,195112,  1420, , ,R,078393
ARMLP087129,                   "SANTIAGO DEL ESTERO", -27.8000,  -64.3000,   199.0,195201,   720, , ,R,078393
ARMLP087129,                   "SANTIAGO DEL ESTERO", -27.8000,  -64.3000,   199.0,195202,   610, , ,R,078393
ARMLP087129,                   "SANTIAGO DEL ESTERO", -27.8000,  -64.3000,   199.0,195203,   970, , ,R,078393
ARMLP087129,                   "SANTIAGO DEL ESTERO", -27.8000,  -64.3000,   199.0,195204,    10, , ,R,078393
ARMLP087129,                   "SANTIAGO DEL ESTERO", -27.8000,  -64.3000,   199.0,195205,   170, , ,R,078393
ARMLP087129,                   "SANTIAGO DEL ESTERO", -27.8000,  -64.3000,   199.0,195206,    10, , ,R,078393
ARMLP087129,                   "SANTIAGO DEL ESTERO", -27.8000,  -64.3000,   199.0,195207,     0, , ,R,078393
ARMLP087129,                   "SANTIAGO DEL ESTERO", -27.8000,  -64.3000,   199.0,195208,    70, , ,R,078393
ARMLP087129,                   "SANTIAGO DEL ESTERO", -27.8000,  -64.3000,   199.0,195209,    80, , ,R,078393
ARMLP087129,                   "SANTIAGO DEL ESTERO", -27.8000,  -64.3000,   199.0,195210,   260, , ,R,078393
ARMLP087129,                   "SANTIAGO DEL ESTERO", -27.8000,  -64.3000,   199.0,195211,   660, , ,R,078393
ARMLP087129,                   "SANTIAGO DEL ESTERO", -27.8000,  -64.3000,   199.0,195212,   340, , ,R,078393
ARMLP087129,                   "SANTIAGO DEL ESTERO", -27.8000,  -64.3000,   199.0,195301,  1350, , ,R,078393
ARMLP087129,                   "SANTIAGO DEL ESTERO", -27.8000,  -64.3000,   199.0,195302,   310, , ,R,078393
ARMLP087129,                   "SANTIAGO DEL ESTERO", -27.8000,  -64.3000,   199.0,195303,  1110, , ,R,078393
ARMLP087129,                   "SANTIAGO DEL ESTERO", -27.8000,  -64.3000,   199.0,195304,   240, , ,R,078393
ARMLP087129,                   "SANTIAGO DEL ESTERO", -27.8000,  -64.3000,   199.0,195305,    70, , ,R,078393
ARMLP087129,                   "SANTIAGO DEL ESTERO", -27.8000,  -64.3000,   199.0,195306,   190, , ,R,078393
ARMLP087129,                   "SANTIAGO DEL ESTERO", -27.8000,  -64.3000,   199.0,195307,     0, , ,R,078393
ARMLP087129,                   "SANTIAGO DEL ESTERO", -27.8000,  -64.3000,   199.0,195308,     0, , ,R,078393
ARMLP087129,                   "SANTIAGO DEL ESTERO", -27.8000,  -64.3000,   199.0,195309,     0, , ,R,078393
ARMLP087129,                   "SANTIAGO DEL ESTERO", -27.8000,  -64.3000,   199.0,195310,   250, , ,R,078393
ARMLP087129,                   "SANTIAGO DEL ESTERO", -27.8000,  -64.3000,   199.0,195311,   810, , ,R,078393
ARMLP087129,                   "SANTIAGO DEL ESTERO", -27.8000,  -64.3000,   199.0,195312,   480, , ,R,078393
ARMLP087129,                   "SANTIAGO DEL ESTERO", -27.8000,  -64.3000,   199.0,195401,  1110, , ,R,078393
ARMLP087129,                   "SANTIAGO DEL ESTERO", -27.8000,  -64.3000,   199.0,195402,   630, , ,R,078393
ARMLP087129,                   "SANTIAGO DEL ESTERO", -27.8000,  -64.3000,   199.0,195403,   570, , ,R,078393
ARMLP087129,                   "SANTIAGO DEL ESTERO", -27.8000,  -64.3000,   199.0,195404,   270, , ,R,078393
ARMLP087129,                   "SANTIAGO DEL ESTERO", -27.8000,  -64.3000,   199.0,195405,    50, , ,R,078393
ARMLP087129,                   "SANTIAGO DEL ESTERO", -27.8000,  -64.3000,   199.0,195406,    20, , ,R,078393
ARMLP087129,                   "SANTIAGO DEL ESTERO", -27.8000,  -64.3000,   199.0,195407,    20, , ,R,078393
ARMLP087129,                   "SANTIAGO DEL ESTERO", -27.8000,  -64.3000,   199.0,195408,    10, , ,R,078393
ARMLP087129,                   "SANTIAGO DEL ESTERO", -27.8000,  -64.3000,   199.0,195409,    10, , ,R,078393
ARMLP087129,                   "SANTIAGO DEL ESTERO", -27.8000,  -64.3000,   199.0,195410,   190, , ,R,078393
ARMLP087129,                   "SANTIAGO DEL ESTERO", -27.8000,  -64.3000,   199.0,195411,   160, , ,R,078393
ARMLP087129,                   "SANTIAGO DEL ESTERO", -27.8000,  -64.3000,   199.0,195412,   180, , ,R,078393
ARMLP087129,                   "SANTIAGO DEL ESTERO", -27.8000,  -64.3000,   199.0,195501,   240, , ,R,078393
ARMLP087129,                   "SANTIAGO DEL ESTERO", -27.8000,  -64.3000,   199.0,195502,  1270, , ,R,078393
ARMLP087129,                   "SANTIAGO DEL ESTERO", -27.8000,  -64.3000,   199.0,195503,   990, , ,R,078393
ARMLP087129,                   "SANTIAGO DEL ESTERO", -27.8000,  -64.3000,   199.0,195504,    70, , ,R,078393
ARMLP087129,                   "SANTIAGO DEL ESTERO", -27.8000,  -64.3000,   199.0,195505,    60, , ,R,078393
ARMLP087129,                   "SANTIAGO DEL ESTERO", -27.8000,  -64.3000,   199.0,195506,    30, , ,R,078393
ARMLP087129,                   "SANTIAGO DEL ESTERO", -27.8000,  -64.3000,   199.0,195507,     0, , ,R,078393
ARMLP087129,                   "SANTIAGO DEL ESTERO", -27.8000,  -64.3000,   199.0,195508,     0, , ,R,078393
ARMLP087129,                   "SANTIAGO DEL ESTERO", -27.8000,  -64.3000,   199.0,195509,     0, , ,R,078393
ARMLP087129,                   "SANTIAGO DEL ESTERO", -27.8000,  -64.3000,   199.0,195510,   420, , ,R,078393
ARMLP087129,                   "SANTIAGO DEL ESTERO", -27.8000,  -64.3000,   199.0,195511,   530, , ,R,078393
ARMLP087129,                   "SANTIAGO DEL ESTERO", -27.8000,  -64.3000,   199.0,195512,   190, , ,R,078393
ARMLP087129,                   "SANTIAGO DEL ESTERO", -27.8000,  -64.3000,   199.0,195601,  1770, , ,R,078393
ARMLP087129,                   "SANTIAGO DEL ESTERO", -27.8000,  -64.3000,   199.0,195602,  1160, , ,R,078393
ARMLP087129,                   "SANTIAGO DEL ESTERO", -27.8000,  -64.3000,   199.0,195603,   450, , ,R,078393
ARMLP087129,                   "SANTIAGO DEL ESTERO", -27.8000,  -64.3000,   199.0,195604,   300, , ,R,078393
ARMLP087129,                   "SANTIAGO DEL ESTERO", -27.8000,  -64.3000,   199.0,195605,   150, , ,R,078393
ARMLP087129,                   "SANTIAGO DEL ESTERO", -27.8000,  -64.3000,   199.0,195606,   160, , ,R,078393
ARMLP087129,                   "SANTIAGO DEL ESTERO", -27.8000,  -64.3000,   199.0,195607,     0, , ,R,078393
ARMLP087129,                   "SANTIAGO DEL ESTERO", -27.8000,  -64.3000,   199.0,195608,    40, , ,R,078393
ARMLP087129,                   "SANTIAGO DEL ESTERO", -27.8000,  -64.3000,   199.0,195609,    10, , ,R,078393
ARMLP087129,                   "SANTIAGO DEL ESTERO", -27.8000,  -64.3000,   199.0,195610,  1220, , ,R,078393
ARMLP087129,                   "SANTIAGO DEL ESTERO", -27.8000,  -64.3000,   199.0,195611,   970, , ,R,078393
ARMLP087129,                   "SANTIAGO DEL ESTERO", -27.8000,  -64.3000,   199.0,195612,   480, , ,R,078393
ARMLP087129,                   "SANTIAGO DEL ESTERO", -27.8000,  -64.3000,   199.0,195701,  1200, , ,R,078393
ARMLP087129,                   "SANTIAGO DEL ESTERO", -27.8000,  -64.3000,   199.0,195702,   540, , ,R,078393
ARMLP087129,                   "SANTIAGO DEL ESTERO", -27.8000,  -64.3000,   199.0,195703,  1080, , ,R,078393
ARMLP087129,                   "SANTIAGO DEL ESTERO", -27.8000,  -64.3000,   199.0,195704,   280, , ,R,078393
ARMLP087129,                   "SANTIAGO DEL ESTERO", -27.8000,  -64.3000,   199.0,195705,    40, , ,R,078393
ARMLP087129,                   "SANTIAGO DEL ESTERO", -27.8000,  -64.3000,   199.0,195706,    70, , ,R,078393
ARMLP087129,                   "SANTIAGO DEL ESTERO", -27.8000,  -64.3000,   199.0,195707,     0, , ,R,078393
ARMLP087129,                   "SANTIAGO DEL ESTERO", -27.8000,  -64.3000,   199.0,195708,    10, , ,R,078393
ARMLP087129,                   "SANTIAGO DEL ESTERO", -27.8000,  -64.3000,   199.0,195709,   180, , ,R,078393
ARMLP087129,                   "SANTIAGO DEL ESTERO", -27.8000,  -64.3000,   199.0,195710,    90, , ,R,078393
ARMLP087129,                   "SANTIAGO DEL ESTERO", -27.8000,  -64.3000,   199.0,195711,   420, , ,R,078393
ARMLP087129,                   "SANTIAGO DEL ESTERO", -27.8000,  -64.3000,   199.0,195712,  1380, , ,R,078393
ARMLP087129,                   "SANTIAGO DEL ESTERO", -27.8000,  -64.3000,   199.0,195801,  1390, , ,R,078393
ARMLP087129,                   "SANTIAGO DEL ESTERO", -27.8000,  -64.3000,   199.0,195802,   700, , ,R,078393
ARMLP087129,                   "SANTIAGO DEL ESTERO", -27.8000,  -64.3000,   199.0,195803,   390, , ,R,078393
ARMLP087129,                   "SANTIAGO DEL ESTERO", -27.8000,  -64.3000,   199.0,195804,   830, , ,R,078393
ARMLP087129,                   "SANTIAGO DEL ESTERO", -27.8000,  -64.3000,   199.0,195805,    20, , ,R,078393
ARMLP087129,                   "SANTIAGO DEL ESTERO", -27.8000,  -64.3000,   199.0,195806,   200, , ,R,078393
ARMLP087129,                   "SANTIAGO DEL ESTERO", -27.8000,  -64.3000,   199.0,195807,   170, , ,R,078393
ARMLP087129,                   "SANTIAGO DEL ESTERO", -27.8000,  -64.3000,   199.0,195808,     0, , ,R,078393
ARMLP087129,                   "SANTIAGO DEL ESTERO", -27.8000,  -64.3000,   199.0,195809,   100, , ,R,078393
ARMLP087129,                   "SANTIAGO DEL ESTERO", -27.8000,  -64.3000,   199.0,195810,    90, , ,R,078393
ARMLP087129,                   "SANTIAGO DEL ESTERO", -27.8000,  -64.3000,   199.0,195811,   780, , ,R,078393
ARMLP087129,                   "SANTIAGO DEL ESTERO", -27.8000,  -64.3000,   199.0,195812,  1610, , ,R,078393
ARMLP087129,                   "SANTIAGO DEL ESTERO", -27.8000,  -64.3000,   199.0,195901,  1960, , ,R,078393
ARMLP087129,                   "SANTIAGO DEL ESTERO", -27.8000,  -64.3000,   199.0,195902,  1230, , ,R,078393
ARMLP087129,                   "SANTIAGO DEL ESTERO", -27.8000,  -64.3000,   199.0,195903,   720, , ,R,078393
ARMLP087129,                   "SANTIAGO DEL ESTERO", -27.8000,  -64.3000,   199.0,195904,   160, , ,R,078393
ARMLP087129,                   "SANTIAGO DEL ESTERO", -27.8000,  -64.3000,   199.0,195905,   200, , ,R,078393
ARMLP087129,                   "SANTIAGO DEL ESTERO", -27.8000,  -64.3000,   199.0,195906,   110, , ,R,078393
ARMLP087129,                   "SANTIAGO DEL ESTERO", -27.8000,  -64.3000,   199.0,195907,   160, , ,R,078393
ARMLP087129,                   "SANTIAGO DEL ESTERO", -27.8000,  -64.3000,   199.0,195908,     0, , ,R,078393
ARMLP087129,                   "SANTIAGO DEL ESTERO", -27.8000,  -64.3000,   199.0,195909,    10, , ,R,078393
ARMLP087129,                   "SANTIAGO DEL ESTERO", -27.8000,  -64.3000,   199.0,195910,   260, , ,R,078393
ARMLP087129,                   "SANTIAGO DEL ESTERO", -27.8000,  -64.3000,   199.0,195911,   240, , ,R,078393
ARMLP087129,                   "SANTIAGO DEL ESTERO", -27.8000,  -64.3000,   199.0,195912,   980, , ,R,078393
ARMLP087129,                   "SANTIAGO DEL ESTERO", -27.8000,  -64.3000,   199.0,196001,   880, , ,R,078393
ARMLP087129,                   "SANTIAGO DEL ESTERO", -27.8000,  -64.3000,   199.0,196002,   660, , ,R,078393
ARMLP087129,                   "SANTIAGO DEL ESTERO", -27.8000,  -64.3000,   199.0,196003,   550, , ,R,078393
ARMLP087129,                   "SANTIAGO DEL ESTERO", -27.8000,  -64.3000,   199.0,196004,   580, , ,R,078393
ARMLP087129,                   "SANTIAGO DEL ESTERO", -27.8000,  -64.3000,   199.0,196005,   160, , ,R,078393
ARMLP087129,                   "SANTIAGO DEL ESTERO", -27.8000,  -64.3000,   199.0,196006,    70, , ,R,078393
ARMLP087129,                   "SANTIAGO DEL ESTERO", -27.8000,  -64.3000,   199.0,196007,    60, , ,R,078393
ARMLP087129,                   "SANTIAGO DEL ESTERO", -27.8000,  -64.3000,   199.0,196008,     0, , ,R,078393
ARMLP087129,                   "SANTIAGO DEL ESTERO", -27.8000,  -64.3000,   199.0,196009,    10, , ,R,078393
ARMLP087129,                   "SANTIAGO DEL ESTERO", -27.8000,  -64.3000,   199.0,196010,   260, , ,R,078393
ARMLP087129,                   "SANTIAGO DEL ESTERO", -27.8000,  -64.3000,   199.0,196011,   470, , ,R,078393
ARMLP087129,                   "SANTIAGO DEL ESTERO", -27.8000,  -64.3000,   199.0,196012,  1180, , ,R,078393
ARMLP087129,              "SANTIAGO DEL ESTERO AERO", -27.7667,  -64.3000,   199.0,196101,   964, , ,W,122626
ARMLP087129,              "SANTIAGO DEL ESTERO AERO", -27.7667,  -64.3000,   199.0,196102,   546, , ,W,122626
ARMLP087129,              "SANTIAGO DEL ESTERO AERO", -27.7667,  -64.3000,   199.0,196103,   839, , ,W,122626
ARMLP087129,              "SANTIAGO DEL ESTERO AERO", -27.7667,  -64.3000,   199.0,196104,   513, , ,W,122626
ARMLP087129,              "SANTIAGO DEL ESTERO AERO", -27.7667,  -64.3000,   199.0,196105,   280, , ,W,122626
ARMLP087129,              "SANTIAGO DEL ESTERO AERO", -27.7667,  -64.3000,   199.0,196106,    10, , ,W,122626
ARMLP087129,              "SANTIAGO DEL ESTERO AERO", -27.7667,  -64.3000,   199.0,196107,     0, , ,W,122626
ARMLP087129,              "SANTIAGO DEL ESTERO AERO", -27.7667,  -64.3000,   199.0,196108,     0, , ,W,122626
ARMLP087129,              "SANTIAGO DEL ESTERO AERO", -27.7667,  -64.3000,   199.0,196109,     0, , ,W,122626
ARMLP087129,              "SANTIAGO DEL ESTERO AERO", -27.7667,  -64.3000,   199.0,196110,  1002, , ,W,122626
ARMLP087129,              "SANTIAGO DEL ESTERO AERO", -27.7667,  -64.3000,   199.0,196111,   345, , ,W,122626
ARMLP087129,              "SANTIAGO DEL ESTERO AERO", -27.7667,  -64.3000,   199.0,196112,  1207, , ,W,122626
ARMLP087129,              "SANTIAGO DEL ESTERO AERO", -27.7667,  -64.3000,   199.0,196201,   947, , ,W,122626
ARMLP087129,              "SANTIAGO DEL ESTERO AERO", -27.7667,  -64.3000,   199.0,196202,   271, , ,W,122626
ARMLP087129,              "SANTIAGO DEL ESTERO AERO", -27.7667,  -64.3000,   199.0,196203,   327, , ,W,122626
ARMLP087129,              "SANTIAGO DEL ESTERO AERO", -27.7667,  -64.3000,   199.0,196204,    92, , ,W,122626
ARMLP087129,              "SANTIAGO DEL ESTERO AERO", -27.7667,  -64.3000,   199.0,196205,   129, , ,W,122626
ARMLP087129,              "SANTIAGO DEL ESTERO AERO", -27.7667,  -64.3000,   199.0,196206,     0, , ,W,122626
ARMLP087129,              "SANTIAGO DEL ESTERO AERO", -27.7667,  -64.3000,   199.0,196207,   101, , ,W,122626
ARMLP087129,              "SANTIAGO DEL ESTERO AERO", -27.7667,  -64.3000,   199.0,196208,     0, , ,W,122626
ARMLP087129,              "SANTIAGO DEL ESTERO AERO", -27.7667,  -64.3000,   199.0,196209,    30, , ,W,122626
ARMLP087129,              "SANTIAGO DEL ESTERO AERO", -27.7667,  -64.3000,   199.0,196210,    63, , ,W,122626
ARMLP087129,              "SANTIAGO DEL ESTERO AERO", -27.7667,  -64.3000,   199.0,196211,   349, , ,W,122626
ARMLP087129,              "SANTIAGO DEL ESTERO AERO", -27.7667,  -64.3000,   199.0,196212,  1134, , ,W,122626
ARMLP087129,              "SANTIAGO DEL ESTERO AERO", -27.7667,  -64.3000,   199.0,196301,  1033, , ,W,122626
ARMLP087129,              "SANTIAGO DEL ESTERO AERO", -27.7667,  -64.3000,   199.0,196302,  1558, , ,W,122626
ARMLP087129,              "SANTIAGO DEL ESTERO AERO", -27.7667,  -64.3000,   199.0,196303,  1513, , ,W,122626
ARMLP087129,              "SANTIAGO DEL ESTERO AERO", -27.7667,  -64.3000,   199.0,196304,   170, , ,W,122626
ARMLP087129,              "SANTIAGO DEL ESTERO AERO", -27.7667,  -64.3000,   199.0,196305,    44, , ,W,122626
ARMLP087129,              "SANTIAGO DEL ESTERO AERO", -27.7667,  -64.3000,   199.0,196306,   124, , ,W,122626
ARMLP087129,              "SANTIAGO DEL ESTERO AERO", -27.7667,  -64.3000,   199.0,196307,    73, , ,W,122626
ARMLP087129,              "SANTIAGO DEL ESTERO AERO", -27.7667,  -64.3000,   199.0,196308,     0, , ,W,122626
ARMLP087129,              "SANTIAGO DEL ESTERO AERO", -27.7667,  -64.3000,   199.0,196309,    61, , ,W,122626
ARMLP087129,              "SANTIAGO DEL ESTERO AERO", -27.7667,  -64.3000,   199.0,196310,    80, , ,W,122626
ARMLP087129,              "SANTIAGO DEL ESTERO AERO", -27.7667,  -64.3000,   199.0,196311,  1178, , ,W,122626
ARMLP087129,              "SANTIAGO DEL ESTERO AERO", -27.7667,  -64.3000,   199.0,196312,  1009, , ,W,122626
ARMLP087129,              "SANTIAGO DEL ESTERO AERO", -27.7667,  -64.3000,   199.0,196401,   258, , ,W,122626
ARMLP087129,              "SANTIAGO DEL ESTERO AERO", -27.7667,  -64.3000,   199.0,196402,  1112, , ,W,122626
ARMLP087129,              "SANTIAGO DEL ESTERO AERO", -27.7667,  -64.3000,   199.0,196403,   575, , ,W,122626
ARMLP087129,              "SANTIAGO DEL ESTERO AERO", -27.7667,  -64.3000,   199.0,196404,   120, , ,W,122626
ARMLP087129,              "SANTIAGO DEL ESTERO AERO", -27.7667,  -64.3000,   199.0,196405,   220, , ,W,122626
ARMLP087129,              "SANTIAGO DEL ESTERO AERO", -27.7667,  -64.3000,   199.0,196406,    39, , ,W,122626
ARMLP087129,              "SANTIAGO DEL ESTERO AERO", -27.7667,  -64.3000,   199.0,196407,    16, , ,W,122626
ARMLP087129,              "SANTIAGO DEL ESTERO AERO", -27.7667,  -64.3000,   199.0,196408,     0, , ,W,122626
ARMLP087129,              "SANTIAGO DEL ESTERO AERO", -27.7667,  -64.3000,   199.0,196409,   123, , ,W,122626
ARMLP087129,              "SANTIAGO DEL ESTERO AERO", -27.7667,  -64.3000,   199.0,196410,   677, , ,W,122626
ARMLP087129,              "SANTIAGO DEL ESTERO AERO", -27.7667,  -64.3000,   199.0,196411,   123, , ,W,122626
ARMLP087129,              "SANTIAGO DEL ESTERO AERO", -27.7667,  -64.3000,   199.0,196412,   431, , ,W,122626
ARMLP087129,              "SANTIAGO DEL ESTERO AERO", -27.7667,  -64.3000,   199.0,196501,  1869, , ,W,122626
ARMLP087129,              "SANTIAGO DEL ESTERO AERO", -27.7667,  -64.3000,   199.0,196502,   843, , ,W,122626
ARMLP087129,              "SANTIAGO DEL ESTERO AERO", -27.7667,  -64.3000,   199.0,196503,   652, , ,W,122626
ARMLP087129,              "SANTIAGO DEL ESTERO AERO", -27.7667,  -64.3000,   199.0,196504,    73, , ,W,122626
ARMLP087129,              "SANTIAGO DEL ESTERO AERO", -27.7667,  -64.3000,   199.0,196505,     9, , ,W,122626
ARMLP087129,              "SANTIAGO DEL ESTERO AERO", -27.7667,  -64.3000,   199.0,196506,    89, , ,W,122626
ARMLP087129,              "SANTIAGO DEL ESTERO AERO", -27.7667,  -64.3000,   199.0,196507,    34, , ,W,122626
ARMLP087129,              "SANTIAGO DEL ESTERO AERO", -27.7667,  -64.3000,   199.0,196508,    24, , ,W,122626
ARMLP087129,              "SANTIAGO DEL ESTERO AERO", -27.7667,  -64.3000,   199.0,196509,    10, , ,W,122626
ARMLP087129,              "SANTIAGO DEL ESTERO AERO", -27.7667,  -64.3000,   199.0,196510,   237, , ,W,122626
ARMLP087129,              "SANTIAGO DEL ESTERO AERO", -27.7667,  -64.3000,   199.0,196511,   412, , ,W,122626
ARMLP087129,              "SANTIAGO DEL ESTERO AERO", -27.7667,  -64.3000,   199.0,196512,   796, , ,W,122626
ARMLP087129,              "SANTIAGO DEL ESTERO AERO", -27.7667,  -64.3000,   199.0,196601,  1078, , ,W,122626
ARMLP087129,              "SANTIAGO DEL ESTERO AERO", -27.7667,  -64.3000,   199.0,196602,   759, , ,W,122626
ARMLP087129,              "SANTIAGO DEL ESTERO AERO", -27.7667,  -64.3000,   199.0,196603,   293, , ,W,122626
ARMLP087129,              "SANTIAGO DEL ESTERO AERO", -27.7667,  -64.3000,   199.0,196604,   507, , ,W,122626
ARMLP087129,              "SANTIAGO DEL ESTERO AERO", -27.7667,  -64.3000,   199.0,196605,    78, , ,W,122626
ARMLP087129,              "SANTIAGO DEL ESTERO AERO", -27.7667,  -64.3000,   199.0,196606,     1, , ,W,122626
ARMLP087129,              "SANTIAGO DEL ESTERO AERO", -27.7667,  -64.3000,   199.0,196607,     1, , ,W,122626
ARMLP087129,              "SANTIAGO DEL ESTERO AERO", -27.7667,  -64.3000,   199.0,196608,     0, , ,W,122626
ARMLP087129,              "SANTIAGO DEL ESTERO AERO", -27.7667,  -64.3000,   199.0,196609,    11, , ,W,122626
ARMLP087129,              "SANTIAGO DEL ESTERO AERO", -27.7667,  -64.3000,   199.0,196610,   165, , ,W,122626
ARMLP087129,              "SANTIAGO DEL ESTERO AERO", -27.7667,  -64.3000,   199.0,196611,  1091, , ,W,122626
ARMLP087129,              "SANTIAGO DEL ESTERO AERO", -27.7667,  -64.3000,   199.0,196612,   366, , ,W,122626
ARMLP087129,              "SANTIAGO DEL ESTERO AERO", -27.7667,  -64.3000,   199.0,196701,  1005, , ,W,122626
ARMLP087129,              "SANTIAGO DEL ESTERO AERO", -27.7667,  -64.3000,   199.0,196702,  1405, , ,W,122626
ARMLP087129,              "SANTIAGO DEL ESTERO AERO", -27.7667,  -64.3000,   199.0,196703,   656, , ,W,122626
ARMLP087129,              "SANTIAGO DEL ESTERO AERO", -27.7667,  -64.3000,   199.0,196704,     0, , ,W,122626
ARMLP087129,              "SANTIAGO DEL ESTERO AERO", -27.7667,  -64.3000,   199.0,196705,    88, , ,W,122626
ARMLP087129,              "SANTIAGO DEL ESTERO AERO", -27.7667,  -64.3000,   199.0,196706,    20, , ,W,122626
ARMLP087129,              "SANTIAGO DEL ESTERO AERO", -27.7667,  -64.3000,   199.0,196707,    20, , ,W,122626
ARMLP087129,              "SANTIAGO DEL ESTERO AERO", -27.7667,  -64.3000,   199.0,196708,    23, , ,W,122626
ARMLP087129,              "SANTIAGO DEL ESTERO AERO", -27.7667,  -64.3000,   199.0,196709,   336, , ,W,122626
ARMLP087129,              "SANTIAGO DEL ESTERO AERO", -27.7667,  -64.3000,   199.0,196710,    33, , ,W,122626
ARMLP087129,              "SANTIAGO DEL ESTERO AERO", -27.7667,  -64.3000,   199.0,196711,   421, , ,W,122626
ARMLP087129,              "SANTIAGO DEL ESTERO AERO", -27.7667,  -64.3000,   199.0,196712,    47, , ,W,122626
ARMLP087129,              "SANTIAGO DEL ESTERO AERO", -27.7667,  -64.3000,   199.0,196801,  2659, , ,W,122626
ARMLP087129,              "SANTIAGO DEL ESTERO AERO", -27.7667,  -64.3000,   199.0,196802,   404, , ,W,122626
ARMLP087129,              "SANTIAGO DEL ESTERO AERO", -27.7667,  -64.3000,   199.0,196803,   868, , ,W,122626
ARMLP087129,              "SANTIAGO DEL ESTERO AERO", -27.7667,  -64.3000,   199.0,196804,   111, , ,W,122626
ARMLP087129,              "SANTIAGO DEL ESTERO AERO", -27.7667,  -64.3000,   199.0,196805,   136, , ,W,122626
ARMLP087129,              "SANTIAGO DEL ESTERO AERO", -27.7667,  -64.3000,   199.0,196806,   163, , ,W,122626
ARMLP087129,              "SANTIAGO DEL ESTERO AERO", -27.7667,  -64.3000,   199.0,196807,    45, , ,W,122626
ARMLP087129,              "SANTIAGO DEL ESTERO AERO", -27.7667,  -64.3000,   199.0,196808,   527, , ,W,122626
ARMLP087129,              "SANTIAGO DEL ESTERO AERO", -27.7667,  -64.3000,   199.0,196809,    16, , ,W,122626
ARMLP087129,              "SANTIAGO DEL ESTERO AERO", -27.7667,  -64.3000,   199.0,196810,   446, , ,W,122626
ARMLP087129,              "SANTIAGO DEL ESTERO AERO", -27.7667,  -64.3000,   199.0,196811,   699, , ,W,122626
ARMLP087129,              "SANTIAGO DEL ESTERO AERO", -27.7667,  -64.3000,   199.0,196812,   991, , ,W,122626
ARMLP087129,              "SANTIAGO DEL ESTERO AERO", -27.7667,  -64.3000,   199.0,196901,   565, , ,W,122626
ARMLP087129,              "SANTIAGO DEL ESTERO AERO", -27.7667,  -64.3000,   199.0,196902,  1273, , ,W,122626
ARMLP087129,              "SANTIAGO DEL ESTERO AERO", -27.7667,  -64.3000,   199.0,196903,   575, , ,W,122626
ARMLP087129,              "SANTIAGO DEL ESTERO AERO", -27.7667,  -64.3000,   199.0,196904,   460, , ,W,122626
ARMLP087129,              "SANTIAGO DEL ESTERO AERO", -27.7667,  -64.3000,   199.0,196905,   538, , ,W,122626
ARMLP087129,              "SANTIAGO DEL ESTERO AERO", -27.7667,  -64.3000,   199.0,196906,    42, , ,W,122626
ARMLP087129,              "SANTIAGO DEL ESTERO AERO", -27.7667,  -64.3000,   199.0,196907,     0, , ,W,122626
ARMLP087129,              "SANTIAGO DEL ESTERO AERO", -27.7667,  -64.3000,   199.0,196908,     0, , ,W,122626
ARMLP087129,              "SANTIAGO DEL ESTERO AERO", -27.7667,  -64.3000,   199.0,196909,    30, , ,W,122626
ARMLP087129,              "SANTIAGO DEL ESTERO AERO", -27.7667,  -64.3000,   199.0,196910,    52, , ,W,122626
ARMLP087129,              "SANTIAGO DEL ESTERO AERO", -27.7667,  -64.3000,   199.0,196911,   924, , ,W,122626
ARMLP087129,              "SANTIAGO DEL ESTERO AERO", -27.7667,  -64.3000,   199.0,196912,  1510, , ,W,122626
ARMLP087129,              "SANTIAGO DEL ESTERO AERO", -27.7667,  -64.3000,   199.0,197001,  1088, , ,W,122626
ARMLP087129,              "SANTIAGO DEL ESTERO AERO", -27.7667,  -64.3000,   199.0,197002,   659, , ,W,122626
ARMLP087129,              "SANTIAGO DEL ESTERO AERO", -27.7667,  -64.3000,   199.0,197003,  1268, , ,W,122626
ARMLP087129,              "SANTIAGO DEL ESTERO AERO", -27.7667,  -64.3000,   199.0,197004,    81, , ,W,122626
ARMLP087129,              "SANTIAGO DEL ESTERO AERO", -27.7667,  -64.3000,   199.0,197005,   606, , ,W,122626
ARMLP087129,              "SANTIAGO DEL ESTERO AERO", -27.7667,  -64.3000,   199.0,197006,    78, , ,W,122626
ARMLP087129,              "SANTIAGO DEL ESTERO AERO", -27.7667,  -64.3000,   199.0,197007,     6, , ,W,122626
ARMLP087129,              "SANTIAGO DEL ESTERO AERO", -27.7667,  -64.3000,   199.0,197008,    30, , ,W,122626
ARMLP087129,              "SANTIAGO DEL ESTERO AERO", -27.7667,  -64.3000,   199.0,197009,   434, , ,W,122626
ARMLP087129,              "SANTIAGO DEL ESTERO AERO", -27.7667,  -64.3000,   199.0,197010,   128, , ,W,122626
ARMLP087129,              "SANTIAGO DEL ESTERO AERO", -27.7667,  -64.3000,   199.0,197011,   576, , ,W,122626
ARMLP087129,              "SANTIAGO DEL ESTERO AERO", -27.7667,  -64.3000,   199.0,197012,   768, , ,W,122626
ARMLP087129,              "SANTIAGO DEL ESTERO AERO", -27.7667,  -64.3000,   199.0,197101,  1842, , ,W,122626
ARMLP087129,              "SANTIAGO DEL ESTERO AERO", -27.7667,  -64.3000,   199.0,197102,  1670, , ,W,122626
ARMLP087129,              "SANTIAGO DEL ESTERO AERO", -27.7667,  -64.3000,   199.0,197103,   461, , ,W,122626
ARMLP087129,              "SANTIAGO DEL ESTERO AERO", -27.7667,  -64.3000,   199.0,197104,   354, , ,W,122626
ARMLP087129,              "SANTIAGO DEL ESTERO AERO", -27.7667,  -64.3000,   199.0,197105,    16, , ,W,122626
ARMLP087129,              "SANTIAGO DEL ESTERO AERO", -27.7667,  -64.3000,   199.0,197106,     0, , ,W,122626
ARMLP087129,              "SANTIAGO DEL ESTERO AERO", -27.7667,  -64.3000,   199.0,197107,    62, , ,W,122626
ARMLP087129,              "SANTIAGO DEL ESTERO AERO", -27.7667,  -64.3000,   199.0,197108,     0, , ,W,122626
ARMLP087129,              "SANTIAGO DEL ESTERO AERO", -27.7667,  -64.3000,   199.0,197109,   103, , ,W,122626
ARMLP087129,              "SANTIAGO DEL ESTERO AERO", -27.7667,  -64.3000,   199.0,197110,   735, , ,W,122626
ARMLP087129,              "SANTIAGO DEL ESTERO AERO", -27.7667,  -64.3000,   199.0,197111,   733, , ,W,122626
ARMLP087129,              "SANTIAGO DEL ESTERO AERO", -27.7667,  -64.3000,   199.0,197112,    76, , ,W,122626
ARMLP087129,              "SANTIAGO DEL ESTERO AERO", -27.7667,  -64.3000,   199.0,197201,   597, , ,W,122626
ARMLP087129,              "SANTIAGO DEL ESTERO AERO", -27.7667,  -64.3000,   199.0,197202,   459, , ,W,122626
ARMLP087129,              "SANTIAGO DEL ESTERO AERO", -27.7667,  -64.3000,   199.0,197203,   465, , ,W,122626
ARMLP087129,              "SANTIAGO DEL ESTERO AERO", -27.7667,  -64.3000,   199.0,197204,   602, , ,W,122626
ARMLP087129,              "SANTIAGO DEL ESTERO AERO", -27.7667,  -64.3000,   199.0,197205,   125, , ,W,122626
ARMLP087129,              "SANTIAGO DEL ESTERO AERO", -27.7667,  -64.3000,   199.0,197206,    44, , ,W,122626
ARMLP087129,              "SANTIAGO DEL ESTERO AERO", -27.7667,  -64.3000,   199.0,197207,    34, , ,W,122626
ARMLP087129,              "SANTIAGO DEL ESTERO AERO", -27.7667,  -64.3000,   199.0,197208,     0, , ,W,122626
ARMLP087129,              "SANTIAGO DEL ESTERO AERO", -27.7667,  -64.3000,   199.0,197209,   274, , ,W,122626
ARMLP087129,              "SANTIAGO DEL ESTERO AERO", -27.7667,  -64.3000,   199.0,197210,   152, , ,W,122626
ARMLP087129,              "SANTIAGO DEL ESTERO AERO", -27.7667,  -64.3000,   199.0,197211,   355, , ,W,122626
ARMLP087129,              "SANTIAGO DEL ESTERO AERO", -27.7667,  -64.3000,   199.0,197212,   891, , ,W,122626
ARMLP087129,              "SANTIAGO DEL ESTERO AERO", -27.7667,  -64.3000,   199.0,197301,  1836, , ,W,122626
ARMLP087129,              "SANTIAGO DEL ESTERO AERO", -27.7667,  -64.3000,   199.0,197302,   487, , ,W,122626
ARMLP087129,              "SANTIAGO DEL ESTERO AERO", -27.7667,  -64.3000,   199.0,197303,  1623, , ,W,122626
ARMLP087129,              "SANTIAGO DEL ESTERO AERO", -27.7667,  -64.3000,   199.0,197304,  1132, , ,W,122626
ARMLP087129,              "SANTIAGO DEL ESTERO AERO", -27.7667,  -64.3000,   199.0,197305,     0, , ,W,122626
ARMLP087129,              "SANTIAGO DEL ESTERO AERO", -27.7667,  -64.3000,   199.0,197306,   466, , ,W,122626
ARMLP087129,              "SANTIAGO DEL ESTERO AERO", -27.7667,  -64.3000,   199.0,197307,    60, , ,W,122626
ARMLP087129,              "SANTIAGO DEL ESTERO AERO", -27.7667,  -64.3000,   199.0,197308,     0, , ,W,122626
ARMLP087129,              "SANTIAGO DEL ESTERO AERO", -27.7667,  -64.3000,   199.0,197309,     9, , ,W,122626
ARMLP087129,              "SANTIAGO DEL ESTERO AERO", -27.7667,  -64.3000,   199.0,197310,   175, , ,W,122626
ARMLP087129,              "SANTIAGO DEL ESTERO AERO", -27.7667,  -64.3000,   199.0,197311,   838, , ,W,122626
ARMLP087129,              "SANTIAGO DEL ESTERO AERO", -27.7667,  -64.3000,   199.0,197312,   979, , ,W,122626
ARMLP087129,              "SANTIAGO DEL ESTERO AERO", -27.7667,  -64.3000,   199.0,197401,  2796, , ,W,122626
ARMLP087129,              "SANTIAGO DEL ESTERO AERO", -27.7667,  -64.3000,   199.0,197402,  5232, , ,W,122626
ARMLP087129,              "SANTIAGO DEL ESTERO AERO", -27.7667,  -64.3000,   199.0,197403,  1718, , ,W,122626
ARMLP087129,              "SANTIAGO DEL ESTERO AERO", -27.7667,  -64.3000,   199.0,197404,   380, , ,W,122626
ARMLP087129,              "SANTIAGO DEL ESTERO AERO", -27.7667,  -64.3000,   199.0,197405,   543, , ,W,122626
ARMLP087129,              "SANTIAGO DEL ESTERO AERO", -27.7667,  -64.3000,   199.0,197406,     9, , ,W,122626
ARMLP087129,              "SANTIAGO DEL ESTERO AERO", -27.7667,  -64.3000,   199.0,197407,   116, , ,W,122626
ARMLP087129,              "SANTIAGO DEL ESTERO AERO", -27.7667,  -64.3000,   199.0,197408,    47, , ,W,122626
ARMLP087129,              "SANTIAGO DEL ESTERO AERO", -27.7667,  -64.3000,   199.0,197409,    44, , ,W,122626
ARMLP087129,              "SANTIAGO DEL ESTERO AERO", -27.7667,  -64.3000,   199.0,197410,   265, , ,W,122626
ARMLP087129,              "SANTIAGO DEL ESTERO AERO", -27.7667,  -64.3000,   199.0,197411,   175, , ,W,122626
ARMLP087129,              "SANTIAGO DEL ESTERO AERO", -27.7667,  -64.3000,   199.0,197412,   300, , ,W,122626
ARMLP087129,              "SANTIAGO DEL ESTERO AERO", -27.7667,  -64.3000,   199.0,197501,   713, , ,W,122626
ARMLP087129,              "SANTIAGO DEL ESTERO AERO", -27.7667,  -64.3000,   199.0,197502,   852, , ,W,122626
ARMLP087129,              "SANTIAGO DEL ESTERO AERO", -27.7667,  -64.3000,   199.0,197503,   635, , ,W,122626
ARMLP087129,              "SANTIAGO DEL ESTERO AERO", -27.7667,  -64.3000,   199.0,197504,   551, , ,W,122626
ARMLP087129,              "SANTIAGO DEL ESTERO AERO", -27.7667,  -64.3000,   199.0,197505,    70, , ,W,122626
ARMLP087129,              "SANTIAGO DEL ESTERO AERO", -27.7667,  -64.3000,   199.0,197506,    27, , ,W,122626
ARMLP087129,              "SANTIAGO DEL ESTERO AERO", -27.7667,  -64.3000,   199.0,197507,     4, , ,W,122626
ARMLP087129,              "SANTIAGO DEL ESTERO AERO", -27.7667,  -64.3000,   199.0,197508,    83, , ,W,122626
ARMLP087129,              "SANTIAGO DEL ESTERO AERO", -27.7667,  -64.3000,   199.0,197509,   335, , ,W,122626
ARMLP087129,              "SANTIAGO DEL ESTERO AERO", -27.7667,  -64.3000,   199.0,197510,   199, , ,W,122626
ARMLP087129,              "SANTIAGO DEL ESTERO AERO", -27.7667,  -64.3000,   199.0,197511,   659, , ,W,122626
ARMLP087129,              "SANTIAGO DEL ESTERO AERO", -27.7667,  -64.3000,   199.0,197512,   639, , ,W,122626
ARMLP087129,              "SANTIAGO DEL ESTERO AERO", -27.7667,  -64.3000,   199.0,197601,  1811, , ,W,122626
ARMLP087129,              "SANTIAGO DEL ESTERO AERO", -27.7667,  -64.3000,   199.0,197602,  1990, , ,W,122626
ARMLP087129,              "SANTIAGO DEL ESTERO AERO", -27.7667,  -64.3000,   199.0,197603,  1104, , ,W,122626
ARMLP087129,              "SANTIAGO DEL ESTERO AERO", -27.7667,  -64.3000,   199.0,197604,     0, , ,W,122626
ARMLP087129,              "SANTIAGO DEL ESTERO AERO", -27.7667,  -64.3000,   199.0,197605,    59, , ,W,122626
ARMLP087129,              "SANTIAGO DEL ESTERO AERO", -27.7667,  -64.3000,   199.0,197606,     0, , ,W,122626
ARMLP087129,              "SANTIAGO DEL ESTERO AERO", -27.7667,  -64.3000,   199.0,197607,     6, , ,W,122626
ARMLP087129,              "SANTIAGO DEL ESTERO AERO", -27.7667,  -64.3000,   199.0,197608,    32, , ,W,122626
ARMLP087129,              "SANTIAGO DEL ESTERO AERO", -27.7667,  -64.3000,   199.0,197609,    31, , ,W,122626
ARMLP087129,              "SANTIAGO DEL ESTERO AERO", -27.7667,  -64.3000,   199.0,197610,   265, , ,W,122626
ARMLP087129,              "SANTIAGO DEL ESTERO AERO", -27.7667,  -64.3000,   199.0,197611,   827, , ,W,122626
ARMLP087129,              "SANTIAGO DEL ESTERO AERO", -27.7667,  -64.3000,   199.0,197612,   428, , ,W,122626
ARMLP087129,              "SANTIAGO DEL ESTERO AERO", -27.7667,  -64.3000,   199.0,197701,  2079, , ,W,122626
ARMLP087129,              "SANTIAGO DEL ESTERO AERO", -27.7667,  -64.3000,   199.0,197702,  2680, , ,W,122626
ARMLP087129,              "SANTIAGO DEL ESTERO AERO", -27.7667,  -64.3000,   199.0,197703,   855, , ,W,122626
ARMLP087129,              "SANTIAGO DEL ESTERO AERO", -27.7667,  -64.3000,   199.0,197704,  1879, , ,W,122626
ARMLP087129,              "SANTIAGO DEL ESTERO AERO", -27.7667,  -64.3000,   199.0,197705,    39, , ,W,122626
ARMLP087129,              "SANTIAGO DEL ESTERO AERO", -27.7667,  -64.3000,   199.0,197706,     0, , ,W,122626
ARMLP087129,              "SANTIAGO DEL ESTERO AERO", -27.7667,  -64.3000,   199.0,197707,    33, , ,W,122626
ARMLP087129,              "SANTIAGO DEL ESTERO AERO", -27.7667,  -64.3000,   199.0,197708,   288, , ,W,122626
ARMLP087129,              "SANTIAGO DEL ESTERO AERO", -27.7667,  -64.3000,   199.0,197709,   164, , ,W,122626
ARMLP087129,              "SANTIAGO DEL ESTERO AERO", -27.7667,  -64.3000,   199.0,197710,    74, , ,W,122626
ARMLP087129,              "SANTIAGO DEL ESTERO AERO", -27.7667,  -64.3000,   199.0,197711,   187, , ,W,122626
ARMLP087129,              "SANTIAGO DEL ESTERO AERO", -27.7667,  -64.3000,   199.0,197712,  1591, , ,W,122626
ARMLP087129,              "SANTIAGO DEL ESTERO AERO", -27.7667,  -64.3000,   199.0,197801,  1446, , ,W,122626
ARMLP087129,              "SANTIAGO DEL ESTERO AERO", -27.7667,  -64.3000,   199.0,197802,   355, , ,W,122626
ARMLP087129,              "SANTIAGO DEL ESTERO AERO", -27.7667,  -64.3000,   199.0,197803,   619, , ,W,122626
ARMLP087129,              "SANTIAGO DEL ESTERO AERO", -27.7667,  -64.3000,   199.0,197804,     3, , ,W,122626
ARMLP087129,              "SANTIAGO DEL ESTERO AERO", -27.7667,  -64.3000,   199.0,197805,    57, , ,W,122626
ARMLP087129,              "SANTIAGO DEL ESTERO AERO", -27.7667,  -64.3000,   199.0,197806,    42, , ,W,122626
ARMLP087129,              "SANTIAGO DEL ESTERO AERO", -27.7667,  -64.3000,   199.0,197807,     0, , ,W,122626
ARMLP087129,              "SANTIAGO DEL ESTERO AERO", -27.7667,  -64.3000,   199.0,197808,     0, , ,W,122626
ARMLP087129,              "SANTIAGO DEL ESTERO AERO", -27.7667,  -64.3000,   199.0,197809,   267, , ,W,122626
ARMLP087129,              "SANTIAGO DEL ESTERO AERO", -27.7667,  -64.3000,   199.0,197810,   541, , ,W,122626
ARMLP087129,              "SANTIAGO DEL ESTERO AERO", -27.7667,  -64.3000,   199.0,197811,   726, , ,W,122626
ARMLP087129,              "SANTIAGO DEL ESTERO AERO", -27.7667,  -64.3000,   199.0,197812,  1118, , ,W,122626
ARMLP087129,              "SANTIAGO DEL ESTERO AERO", -27.7667,  -64.3000,   199.0,197901,   898, , ,W,122626
ARMLP087129,              "SANTIAGO DEL ESTERO AERO", -27.7667,  -64.3000,   199.0,197902,  1589, , ,W,122626
ARMLP087129,              "SANTIAGO DEL ESTERO AERO", -27.7667,  -64.3000,   199.0,197903,   299, , ,W,122626
ARMLP087129,              "SANTIAGO DEL ESTERO AERO", -27.7667,  -64.3000,   199.0,197904,   583, , ,W,122626
ARMLP087129,              "SANTIAGO DEL ESTERO AERO", -27.7667,  -64.3000,   199.0,197905,     0, , ,W,122626
ARMLP087129,              "SANTIAGO DEL ESTERO AERO", -27.7667,  -64.3000,   199.0,197906,    10, , ,W,122626
ARMLP087129,              "SANTIAGO DEL ESTERO AERO", -27.7667,  -64.3000,   199.0,197907,    13, , ,W,122626
ARMLP087129,              "SANTIAGO DEL ESTERO AERO", -27.7667,  -64.3000,   199.0,197908,    20, , ,W,122626
ARMLP087129,              "SANTIAGO DEL ESTERO AERO", -27.7667,  -64.3000,   199.0,197909,   258, , ,W,122626
ARMLP087129,              "SANTIAGO DEL ESTERO AERO", -27.7667,  -64.3000,   199.0,197910,   134, , ,W,122626
ARMLP087129,              "SANTIAGO DEL ESTERO AERO", -27.7667,  -64.3000,   199.0,197911,   730, , ,W,122626
ARMLP087129,              "SANTIAGO DEL ESTERO AERO", -27.7667,  -64.3000,   199.0,197912,  2044, , ,W,122626
ARMLP087129,              "SANTIAGO DEL ESTERO AERO", -27.7667,  -64.3000,   199.0,198001,   435, , ,W,122626
ARMLP087129,              "SANTIAGO DEL ESTERO AERO", -27.7667,  -64.3000,   199.0,198002,  1166, , ,W,122626
ARMLP087129,              "SANTIAGO DEL ESTERO AERO", -27.7667,  -64.3000,   199.0,198003,  1823, , ,W,122626
ARMLP087129,              "SANTIAGO DEL ESTERO AERO", -27.7667,  -64.3000,   199.0,198004,   195, , ,W,122626
ARMLP087129,              "SANTIAGO DEL ESTERO AERO", -27.7667,  -64.3000,   199.0,198005,   137, , ,W,122626
ARMLP087129,              "SANTIAGO DEL ESTERO AERO", -27.7667,  -64.3000,   199.0,198006,    55, , ,W,122626
ARMLP087129,              "SANTIAGO DEL ESTERO AERO", -27.7667,  -64.3000,   199.0,198007,     0, , ,W,122626
ARMLP087129,              "SANTIAGO DEL ESTERO AERO", -27.7667,  -64.3000,   199.0,198008,    22, , ,W,122626
ARMLP087129,              "SANTIAGO DEL ESTERO AERO", -27.7667,  -64.3000,   199.0,198009,   218, , ,W,122626
ARMLP087129,              "SANTIAGO DEL ESTERO AERO", -27.7667,  -64.3000,   199.0,198010,  1114, , ,W,122626
ARMLP087129,              "SANTIAGO DEL ESTERO AERO", -27.7667,  -64.3000,   199.0,198011,  2563, , ,W,122626
ARMLP087129,              "SANTIAGO DEL ESTERO AERO", -27.7667,  -64.3000,   199.0,198012,   502, , ,W,122626
ARMLP087129,              "SANTIAGO DEL ESTERO AERO", -27.7667,  -64.3000,   199.0,198101,  2109, , ,W,122626
ARMLP087129,              "SANTIAGO DEL ESTERO AERO", -27.7667,  -64.3000,   199.0,198102,  1483, , ,W,122626
ARMLP087129,              "SANTIAGO DEL ESTERO AERO", -27.7667,  -64.3000,   199.0,198103,   674, , ,W,122626
ARMLP087129,              "SANTIAGO DEL ESTERO AERO", -27.7667,  -64.3000,   199.0,198104,   504, , ,W,122626
ARMLP087129,              "SANTIAGO DEL ESTERO AERO", -27.7667,  -64.3000,   199.0,198105,   114, , ,W,122626
ARMLP087129,              "SANTIAGO DEL ESTERO AERO", -27.7667,  -64.3000,   199.0,198106,    17, , ,W,122626
ARMLP087129,              "SANTIAGO DEL ESTERO AERO", -27.7667,  -64.3000,   199.0,198107,    15, , ,W,122626
ARMLP087129,              "SANTIAGO DEL ESTERO AERO", -27.7667,  -64.3000,   199.0,198108,    20, , ,W,122626
ARMLP087129,              "SANTIAGO DEL ESTERO AERO", -27.7667,  -64.3000,   199.0,198109,     7, , ,W,122626
ARMLP087129,              "SANTIAGO DEL ESTERO AERO", -27.7667,  -64.3000,   199.0,198110,    58, , ,W,122626
ARMLP087129,              "SANTIAGO DEL ESTERO AERO", -27.7667,  -64.3000,   199.0,198111,  1256, , ,W,122626
ARMLP087129,              "SANTIAGO DEL ESTERO AERO", -27.7667,  -64.3000,   199.0,198112,   501, , ,W,122626
ARMLP087129,              "SANTIAGO DEL ESTERO AERO", -27.7667,  -64.3000,   199.0,198201,   682, , ,W,122626
ARMLP087129,              "SANTIAGO DEL ESTERO AERO", -27.7667,  -64.3000,   199.0,198202,   623, , ,W,122626
ARMLP087129,              "SANTIAGO DEL ESTERO AERO", -27.7667,  -64.3000,   199.0,198203,  1943, , ,W,122626
ARMLP087129,              "SANTIAGO DEL ESTERO AERO", -27.7667,  -64.3000,   199.0,198204,   863, , ,W,122626
ARMLP087129,              "SANTIAGO DEL ESTERO AERO", -27.7667,  -64.3000,   199.0,198205,     0, , ,W,122626
ARMLP087129,              "SANTIAGO DEL ESTERO AERO", -27.7667,  -64.3000,   199.0,198206,   171, , ,W,122626
ARMLP087129,              "SANTIAGO DEL ESTERO AERO", -27.7667,  -64.3000,   199.0,198207,    11, , ,W,122626
ARMLP087129,              "SANTIAGO DEL ESTERO AERO", -27.7667,  -64.3000,   199.0,198208,     0, , ,W,122626
ARMLP087129,              "SANTIAGO DEL ESTERO AERO", -27.7667,  -64.3000,   199.0,198209,   716, , ,W,122626
ARMLP087129,              "SANTIAGO DEL ESTERO AERO", -27.7667,  -64.3000,   199.0,198210,    98, , ,W,122626
ARMLP087129,              "SANTIAGO DEL ESTERO AERO", -27.7667,  -64.3000,   199.0,198211,   966, , ,W,122626
ARMLP087129,              "SANTIAGO DEL ESTERO AERO", -27.7667,  -64.3000,   199.0,198212,  1825, , ,W,122626
ARMLP087129,              "SANTIAGO DEL ESTERO AERO", -27.7667,  -64.3000,   199.0,198301,  2063, , ,W,122626
ARMLP087129,              "SANTIAGO DEL ESTERO AERO", -27.7667,  -64.3000,   199.0,198302,   704, , ,W,122626
ARMLP087129,              "SANTIAGO DEL ESTERO AERO", -27.7667,  -64.3000,   199.0,198303,   612, , ,W,122626
ARMLP087129,              "SANTIAGO DEL ESTERO AERO", -27.7667,  -64.3000,   199.0,198304,   144, , ,W,122626
ARMLP087129,              "SANTIAGO DEL ESTERO AERO", -27.7667,  -64.3000,   199.0,198305,   337, , ,W,122626
ARMLP087129,              "SANTIAGO DEL ESTERO AERO", -27.7667,  -64.3000,   199.0,198306,    70, , ,W,122626
ARMLP087129,              "SANTIAGO DEL ESTERO AERO", -27.7667,  -64.3000,   199.0,198307,   117, , ,W,122626
ARMLP087129,              "SANTIAGO DEL ESTERO AERO", -27.7667,  -64.3000,   199.0,198308,    32, , ,W,122626
ARMLP087129,              "SANTIAGO DEL ESTERO AERO", -27.7667,  -64.3000,   199.0,198309,    20, , ,W,122626
ARMLP087129,              "SANTIAGO DEL ESTERO AERO", -27.7667,  -64.3000,   199.0,198310,   880, , ,W,122626
ARMLP087129,              "SANTIAGO DEL ESTERO AERO", -27.7667,  -64.3000,   199.0,198311,   441, , ,W,122626
ARMLP087129,              "SANTIAGO DEL ESTERO AERO", -27.7667,  -64.3000,   199.0,198312,  1277, , ,W,122626
ARMLP087129,              "SANTIAGO DEL ESTERO AERO", -27.7667,  -64.3000,   199.0,198401,  1620, , ,W,122626
ARMLP087129,              "SANTIAGO DEL ESTERO AERO", -27.7667,  -64.3000,   199.0,198402,   911, , ,W,122626
ARMLP087129,              "SANTIAGO DEL ESTERO AERO", -27.7667,  -64.3000,   199.0,198403,  1567, , ,W,122626
ARMLP087129,              "SANTIAGO DEL ESTERO AERO", -27.7667,  -64.3000,   199.0,198404,    43, , ,W,122626
ARMLP087129,              "SANTIAGO DEL ESTERO AERO", -27.7667,  -64.3000,   199.0,198405,   154, , ,W,122626
ARMLP087129,              "SANTIAGO DEL ESTERO AERO", -27.7667,  -64.3000,   199.0,198406,   110, , ,W,122626
ARMLP087129,              "SANTIAGO DEL ESTERO AERO", -27.7667,  -64.3000,   199.0,198407,    31, , ,W,122626
ARMLP087129,              "SANTIAGO DEL ESTERO AERO", -27.7667,  -64.3000,   199.0,198408,     3, , ,W,122626
ARMLP087129,              "SANTIAGO DEL ESTERO AERO", -27.7667,  -64.3000,   199.0,198409,   157, , ,W,122626
ARMLP087129,              "SANTIAGO DEL ESTERO AERO", -27.7667,  -64.3000,   199.0,198410,   346, , ,W,122626
ARMLP087129,              "SANTIAGO DEL ESTERO AERO", -27.7667,  -64.3000,   199.0,198411,   497, , ,W,122626
ARMLP087129,              "SANTIAGO DEL ESTERO AERO", -27.7667,  -64.3000,   199.0,198412,   493, , ,W,122626
ARMLP087129,              "SANTIAGO DEL ESTERO AERO", -27.7667,  -64.3000,   199.0,198501,  1168, , ,W,122626
ARMLP087129,              "SANTIAGO DEL ESTERO AERO", -27.7667,  -64.3000,   199.0,198502,   981, , ,W,122626
ARMLP087129,              "SANTIAGO DEL ESTERO AERO", -27.7667,  -64.3000,   199.0,198503,   360, , ,W,122626
ARMLP087129,              "SANTIAGO DEL ESTERO AERO", -27.7667,  -64.3000,   199.0,198504,   403, , ,W,122626
ARMLP087129,              "SANTIAGO DEL ESTERO AERO", -27.7667,  -64.3000,   199.0,198505,   131, , ,W,122626
ARMLP087129,              "SANTIAGO DEL ESTERO AERO", -27.7667,  -64.3000,   199.0,198506,     5, , ,W,122626
ARMLP087129,              "SANTIAGO DEL ESTERO AERO", -27.7667,  -64.3000,   199.0,198507,   124, , ,W,122626
ARMLP087129,              "SANTIAGO DEL ESTERO AERO", -27.7667,  -64.3000,   199.0,198508,   102, , ,W,122626
ARMLP087129,              "SANTIAGO DEL ESTERO AERO", -27.7667,  -64.3000,   199.0,198509,     0, , ,W,122626
ARMLP087129,              "SANTIAGO DEL ESTERO AERO", -27.7667,  -64.3000,   199.0,198510,   742, , ,W,122626
ARMLP087129,              "SANTIAGO DEL ESTERO AERO", -27.7667,  -64.3000,   199.0,198511,   845, , ,W,122626
ARMLP087129,              "SANTIAGO DEL ESTERO AERO", -27.7667,  -64.3000,   199.0,198512,  2270, , ,W,122626
ARMLP087129,              "SANTIAGO DEL ESTERO AERO", -27.7667,  -64.3000,   199.0,198601,  1450, , ,W,122626
ARMLP087129,              "SANTIAGO DEL ESTERO AERO", -27.7667,  -64.3000,   199.0,198602,  1080, , ,W,122626
ARMLP087129,              "SANTIAGO DEL ESTERO AERO", -27.7667,  -64.3000,   199.0,198603,   145, , ,W,122626
ARMLP087129,              "SANTIAGO DEL ESTERO AERO", -27.7667,  -64.3000,   199.0,198604,   378, , ,W,122626
ARMLP087129,              "SANTIAGO DEL ESTERO AERO", -27.7667,  -64.3000,   199.0,198605,    95, , ,W,122626
ARMLP087129,              "SANTIAGO DEL ESTERO AERO", -27.7667,  -64.3000,   199.0,198606,    72, , ,W,122626
ARMLP087129,              "SANTIAGO DEL ESTERO AERO", -27.7667,  -64.3000,   199.0,198607,   218, , ,W,122626
ARMLP087129,              "SANTIAGO DEL ESTERO AERO", -27.7667,  -64.3000,   199.0,198608,    62, , ,W,122626
ARMLP087129,              "SANTIAGO DEL ESTERO AERO", -27.7667,  -64.3000,   199.0,198609,   286, , ,W,122626
ARMLP087129,              "SANTIAGO DEL ESTERO AERO", -27.7667,  -64.3000,   199.0,198610,   165, , ,W,122626
ARMLP087129,              "SANTIAGO DEL ESTERO AERO", -27.7667,  -64.3000,   199.0,198611,   576, , ,W,122626
ARMLP087129,              "SANTIAGO DEL ESTERO AERO", -27.7667,  -64.3000,   199.0,198612,   692, , ,W,122626
ARMLP087129,              "SANTIAGO DEL ESTERO AERO", -27.7667,  -64.3000,   199.0,198701,  1503, , ,W,122626
ARMLP087129,              "SANTIAGO DEL ESTERO AERO", -27.7667,  -64.3000,   199.0,198702,    67, , ,W,122626
ARMLP087129,              "SANTIAGO DEL ESTERO AERO", -27.7667,  -64.3000,   199.0,198703,   750, , ,W,122626
ARMLP087129,              "SANTIAGO DEL ESTERO AERO", -27.7667,  -64.3000,   199.0,198704,   489, , ,W,122626
ARMLP087129,              "SANTIAGO DEL ESTERO AERO", -27.7667,  -64.3000,   199.0,198705,    76, , ,W,122626
ARMLP087129,              "SANTIAGO DEL ESTERO AERO", -27.7667,  -64.3000,   199.0,198706,     0, , ,W,122626
ARMLP087129,              "SANTIAGO DEL ESTERO AERO", -27.7667,  -64.3000,   199.0,198707,     2, , ,W,122626
ARMLP087129,              "SANTIAGO DEL ESTERO AERO", -27.7667,  -64.3000,   199.0,198708,     0, , ,W,122626
ARMLP087129,              "SANTIAGO DEL ESTERO AERO", -27.7667,  -64.3000,   199.0,198709,    12, , ,W,122626
ARMLP087129,              "SANTIAGO DEL ESTERO AERO", -27.7667,  -64.3000,   199.0,198710,   393, , ,W,122626
ARMLP087129,              "SANTIAGO DEL ESTERO AERO", -27.7667,  -64.3000,   199.0,198711,   905, , ,W,122626
ARMLP087129,              "SANTIAGO DEL ESTERO AERO", -27.7667,  -64.3000,   199.0,198712,  1205, , ,W,122626
ARMLP087129,              "SANTIAGO DEL ESTERO AERO", -27.7667,  -64.3000,   199.0,198801,  1242, , ,W,122626
ARMLP087129,              "SANTIAGO DEL ESTERO AERO", -27.7667,  -64.3000,   199.0,198802,   861, , ,W,122626
ARMLP087129,              "SANTIAGO DEL ESTERO AERO", -27.7667,  -64.3000,   199.0,198803,   292, , ,W,122626
ARMLP087129,              "SANTIAGO DEL ESTERO AERO", -27.7667,  -64.3000,   199.0,198804,   110, , ,W,122626
ARMLP087129,              "SANTIAGO DEL ESTERO AERO", -27.7667,  -64.3000,   199.0,198805,     0, , ,W,122626
ARMLP087129,              "SANTIAGO DEL ESTERO AERO", -27.7667,  -64.3000,   199.0,198806,    10, , ,W,122626
ARMLP087129,              "SANTIAGO DEL ESTERO AERO", -27.7667,  -64.3000,   199.0,198807,    31, , ,W,122626
ARMLP087129,              "SANTIAGO DEL ESTERO AERO", -27.7667,  -64.3000,   199.0,198808,     0, , ,W,122626
ARMLP087129,              "SANTIAGO DEL ESTERO AERO", -27.7667,  -64.3000,   199.0,198809,     0, , ,W,122626
ARMLP087129,              "SANTIAGO DEL ESTERO AERO", -27.7667,  -64.3000,   199.0,198810,    69, , ,W,122626
ARMLP087129,              "SANTIAGO DEL ESTERO AERO", -27.7667,  -64.3000,   199.0,198811,   145, , ,W,122626
ARMLP087129,              "SANTIAGO DEL ESTERO AERO", -27.7667,  -64.3000,   199.0,198812,    56, , ,W,122626
ARMLP087129,              "SANTIAGO DEL ESTERO AERO", -27.7667,  -64.3000,   199.0,198901,   304, , ,W,122626
ARMLP087129,              "SANTIAGO DEL ESTERO AERO", -27.7667,  -64.3000,   199.0,198902,   100, , ,W,122626
ARMLP087129,              "SANTIAGO DEL ESTERO AERO", -27.7667,  -64.3000,   199.0,198903,   686, , ,W,122626
ARMLP087129,              "SANTIAGO DEL ESTERO AERO", -27.7667,  -64.3000,   199.0,198904,   117, , ,W,122626
ARMLP087129,              "SANTIAGO DEL ESTERO AERO", -27.7667,  -64.3000,   199.0,198905,   347, , ,W,122626
ARMLP087129,              "SANTIAGO DEL ESTERO AERO", -27.7667,  -64.3000,   199.0,198906,   158, , ,W,122626
ARMLP087129,              "SANTIAGO DEL ESTERO AERO", -27.7667,  -64.3000,   199.0,198907,    14, , ,W,122626
ARMLP087129,              "SANTIAGO DEL ESTERO AERO", -27.7667,  -64.3000,   199.0,198908,    24, , ,W,122626
ARMLP087129,              "SANTIAGO DEL ESTERO AERO", -27.7667,  -64.3000,   199.0,198909,   104, , ,W,122626
ARMLP087129,              "SANTIAGO DEL ESTERO AERO", -27.7667,  -64.3000,   199.0,198910,   435, , ,W,122626
ARMLP087129,              "SANTIAGO DEL ESTERO AERO", -27.7667,  -64.3000,   199.0,198911,   557, , ,W,122626
ARMLP087129,              "SANTIAGO DEL ESTERO AERO", -27.7667,  -64.3000,   199.0,198912,  2985, , ,W,122626
ARMLP087129,              "SANTIAGO DEL ESTERO AERO", -27.7667,  -64.3000,   199.0,199001,  1485, , ,W,122626
ARMLP087129,              "SANTIAGO DEL ESTERO AERO", -27.7667,  -64.3000,   199.0,199002,  1271, , ,W,122626
ARMLP087129,              "SANTIAGO DEL ESTERO AERO", -27.7667,  -64.3000,   199.0,199003,   793, , ,W,122626
ARMLP087129,              "SANTIAGO DEL ESTERO AERO", -27.7667,  -64.3000,   199.0,199004,   303, , ,W,122626
ARMLP087129,              "SANTIAGO DEL ESTERO AERO", -27.7667,  -64.3000,   199.0,199005,   577, , ,W,122626
ARMLP087129,              "SANTIAGO DEL ESTERO AERO", -27.7667,  -64.3000,   199.0,199006,    42, , ,W,122626
ARMLP087129,              "SANTIAGO DEL ESTERO AERO", -27.7667,  -64.3000,   199.0,199007,     0, , ,W,122626
ARMLP087129,              "SANTIAGO DEL ESTERO AERO", -27.7667,  -64.3000,   199.0,199008,     0, , ,W,122626
ARMLP087129,              "SANTIAGO DEL ESTERO AERO", -27.7667,  -64.3000,   199.0,199009,    56, , ,W,122626
ARMLP087129,              "SANTIAGO DEL ESTERO AERO", -27.7667,  -64.3000,   199.0,199010,   231, , ,W,122626
ARMLP087129,              "SANTIAGO DEL ESTERO AERO", -27.7667,  -64.3000,   199.0,199011,   177, , ,W,122626
ARMLP087129,              "SANTIAGO DEL ESTERO AERO", -27.7667,  -64.3000,   199.0,199012,   707, , ,W,122626
ARMLP087129,              "SANTIAGO DEL ESTERO AERO", -27.7667,  -64.3000,   199.0,199101,  1051, , ,W,122626
ARMLP087129,              "SANTIAGO DEL ESTERO AERO", -27.7667,  -64.3000,   199.0,199102,   627, , ,W,122626
ARMLP087129,              "SANTIAGO DEL ESTERO AERO", -27.7667,  -64.3000,   199.0,199103,  1791, , ,W,122626
ARMLP087129,              "SANTIAGO DEL ESTERO AERO", -27.7667,  -64.3000,   199.0,199104,   410, , ,W,122626
ARMLP087129,              "SANTIAGO DEL ESTERO AERO", -27.7667,  -64.3000,   199.0,199105,   169, , ,W,122626
ARMLP087129,              "SANTIAGO DEL ESTERO AERO", -27.7667,  -64.3000,   199.0,199106,   119, , ,W,122626
ARMLP087129,              "SANTIAGO DEL ESTERO AERO", -27.7667,  -64.3000,   199.0,199107,     5, , ,W,122626
ARMLP087129,              "SANTIAGO DEL ESTERO AERO", -27.7667,  -64.3000,   199.0,199108,    13, , ,W,122626
ARMLP087129,              "SANTIAGO DEL ESTERO AERO", -27.7667,  -64.3000,   199.0,199109,    66, , ,W,122626
ARMLP087129,              "SANTIAGO DEL ESTERO AERO", -27.7667,  -64.3000,   199.0,199110,   659, , ,W,122626
ARMLP087129,              "SANTIAGO DEL ESTERO AERO", -27.7667,  -64.3000,   199.0,199111,   152, , ,W,122626
ARMLP087129,              "SANTIAGO DEL ESTERO AERO", -27.7667,  -64.3000,   199.0,199112,  1509, , ,W,122626
ARMLP087129,              "SANTIAGO DEL ESTERO AERO", -27.7667,  -64.3000,   199.0,199201,  2342, , ,W,122626
ARMLP087129,              "SANTIAGO DEL ESTERO AERO", -27.7667,  -64.3000,   199.0,199202,  1827, , ,W,122626
ARMLP087129,              "SANTIAGO DEL ESTERO AERO", -27.7667,  -64.3000,   199.0,199203,   399, , ,W,122626
ARMLP087129,              "SANTIAGO DEL ESTERO AERO", -27.7667,  -64.3000,   199.0,199204,   790, , ,W,122626
ARMLP087129,              "SANTIAGO DEL ESTERO AERO", -27.7667,  -64.3000,   199.0,199205,   178, , ,W,122626
ARMLP087129,              "SANTIAGO DEL ESTERO AERO", -27.7667,  -64.3000,   199.0,199206,    54, , ,W,122626
ARMLP087129,              "SANTIAGO DEL ESTERO AERO", -27.7667,  -64.3000,   199.0,199207,    17, , ,W,122626
ARMLP087129,              "SANTIAGO DEL ESTERO AERO", -27.7667,  -64.3000,   199.0,199208,   153, , ,W,122626
ARMLP087129,              "SANTIAGO DEL ESTERO AERO", -27.7667,  -64.3000,   199.0,199209,   244, , ,W,122626
ARMLP087129,              "SANTIAGO DEL ESTERO AERO", -27.7667,  -64.3000,   199.0,199210,   315, , ,W,122626
ARMLP087129,              "SANTIAGO DEL ESTERO AERO", -27.7667,  -64.3000,   199.0,199211,   726, , ,W,122626
ARMLP087129,              "SANTIAGO DEL ESTERO AERO", -27.7667,  -64.3000,   199.0,199212,  1877, , ,W,122626
ARMLP087129,              "SANTIAGO DEL ESTERO AERO", -27.7667,  -64.3000,   199.0,199301,  1594, , ,W,122626
ARMLP087129,              "SANTIAGO DEL ESTERO AERO", -27.7667,  -64.3000,   199.0,199302,   244, , ,W,122626
ARMLP087129,              "SANTIAGO DEL ESTERO AERO", -27.7667,  -64.3000,   199.0,199303,   495, , ,W,122626
ARMLP087129,              "SANTIAGO DEL ESTERO AERO", -27.7667,  -64.3000,   199.0,199304,   630, , ,W,122626
ARMLP087129,              "SANTIAGO DEL ESTERO AERO", -27.7667,  -64.3000,   199.0,199305,    53, , ,W,122626
ARMLP087129,              "SANTIAGO DEL ESTERO AERO", -27.7667,  -64.3000,   199.0,199306,     3, , ,W,122626
ARMLP087129,              "SANTIAGO DEL ESTERO AERO", -27.7667,  -64.3000,   199.0,199307,     0, , ,W,122626
ARMLP087129,              "SANTIAGO DEL ESTERO AERO", -27.7667,  -64.3000,   199.0,199308,    21, , ,W,122626
ARMLP087129,              "SANTIAGO DEL ESTERO AERO", -27.7667,  -64.3000,   199.0,199309,    59, , ,W,122626
ARMLP087129,              "SANTIAGO DEL ESTERO AERO", -27.7667,  -64.3000,   199.0,199310,   183, , ,W,122626
ARMLP087129,              "SANTIAGO DEL ESTERO AERO", -27.7667,  -64.3000,   199.0,199311,   426, , ,W,122626
ARMLP087129,              "SANTIAGO DEL ESTERO AERO", -27.7667,  -64.3000,   199.0,199312,   687, , ,W,122626
ARMLP087129,              "SANTIAGO DEL ESTERO AERO", -27.7667,  -64.3000,   199.0,199401,   944, , ,W,122626
ARMLP087129,              "SANTIAGO DEL ESTERO AERO", -27.7667,  -64.3000,   199.0,199402,  1139, , ,W,122626
ARMLP087129,              "SANTIAGO DEL ESTERO AERO", -27.7667,  -64.3000,   199.0,199403,    64, , ,W,122626
ARMLP087129,              "SANTIAGO DEL ESTERO AERO", -27.7667,  -64.3000,   199.0,199404,   602, , ,W,122626
ARMLP087129,              "SANTIAGO DEL ESTERO AERO", -27.7667,  -64.3000,   199.0,199405,   179, , ,W,122626
ARMLP087129,              "SANTIAGO DEL ESTERO AERO", -27.7667,  -64.3000,   199.0,199406,    46, , ,W,122626
ARMLP087129,              "SANTIAGO DEL ESTERO AERO", -27.7667,  -64.3000,   199.0,199407,    24, , ,W,122626
ARMLP087129,              "SANTIAGO DEL ESTERO AERO", -27.7667,  -64.3000,   199.0,199408,    18, , ,W,122626
ARMLP087129,              "SANTIAGO DEL ESTERO AERO", -27.7667,  -64.3000,   199.0,199409,     9, , ,W,122626
ARMLP087129,              "SANTIAGO DEL ESTERO AERO", -27.7667,  -64.3000,   199.0,199410,   846, , ,W,122626
ARMLP087129,              "SANTIAGO DEL ESTERO AERO", -27.7667,  -64.3000,   199.0,199411,   594, , ,W,122626
ARMLP087129,              "SANTIAGO DEL ESTERO AERO", -27.7667,  -64.3000,   199.0,199412,   717, , ,W,122626
ARMLP087129,              "SANTIAGO DEL ESTERO AERO", -27.7667,  -64.3000,   199.0,199501,   723, , ,W,122626
ARMLP087129,              "SANTIAGO DEL ESTERO AERO", -27.7667,  -64.3000,   199.0,199502,  1493, , ,W,122626
ARMLP087129,              "SANTIAGO DEL ESTERO AERO", -27.7667,  -64.3000,   199.0,199503,   734, , ,W,122626
ARMLP087129,              "SANTIAGO DEL ESTERO AERO", -27.7667,  -64.3000,   199.0,199504,   106, , ,W,122626
ARMLP087129,              "SANTIAGO DEL ESTERO AERO", -27.7667,  -64.3000,   199.0,199505,    63, , ,W,122626
ARMLP087129,              "SANTIAGO DEL ESTERO AERO", -27.7667,  -64.3000,   199.0,199506,     6, , ,W,122626
ARMLP087129,              "SANTIAGO DEL ESTERO AERO", -27.7667,  -64.3000,   199.0,199507,     0, , ,W,122626
ARMLP087129,              "SANTIAGO DEL ESTERO AERO", -27.7667,  -64.3000,   199.0,199508,     0, , ,W,122626
ARMLP087129,              "SANTIAGO DEL ESTERO AERO", -27.7667,  -64.3000,   199.0,199509,    42, , ,W,122626
ARMLP087129,              "SANTIAGO DEL ESTERO AERO", -27.7667,  -64.3000,   199.0,199510,   151, , ,W,122626
ARMLP087129,              "SANTIAGO DEL ESTERO AERO", -27.7667,  -64.3000,   199.0,199511,   313, , ,W,122626
ARMLP087129,              "SANTIAGO DEL ESTERO AERO", -27.7667,  -64.3000,   199.0,199512,   437, , ,W,122626
ARMLP087129,              "SANTIAGO DEL ESTERO AERO", -27.7667,  -64.3000,   199.0,199601,  1719, , ,W,122626
ARMLP087129,              "SANTIAGO DEL ESTERO AERO", -27.7667,  -64.3000,   199.0,199602,  1627, , ,W,122626
ARMLP087129,              "SANTIAGO DEL ESTERO AERO", -27.7667,  -64.3000,   199.0,199603,  1047, , ,W,122626
ARMLP087129,              "SANTIAGO DEL ESTERO AERO", -27.7667,  -64.3000,   199.0,199604,   270, , ,W,122626
ARMLP087129,              "SANTIAGO DEL ESTERO AERO", -27.7667,  -64.3000,   199.0,199605,   995, , ,W,122626
ARMLP087129,              "SANTIAGO DEL ESTERO AERO", -27.7667,  -64.3000,   199.0,199606,    18, , ,W,122626
ARMLP087129,              "SANTIAGO DEL ESTERO AERO", -27.7667,  -64.3000,   199.0,199607,     0, , ,W,122626
ARMLP087129,              "SANTIAGO DEL ESTERO AERO", -27.7667,  -64.3000,   199.0,199608,     0, , ,W,122626
ARMLP087129,              "SANTIAGO DEL ESTERO AERO", -27.7667,  -64.3000,   199.0,199609,   444, , ,W,122626
ARMLP087129,              "SANTIAGO DEL ESTERO AERO", -27.7667,  -64.3000,   199.0,199610,   233, , ,W,122626
ARMLP087129,              "SANTIAGO DEL ESTERO AERO", -27.7667,  -64.3000,   199.0,199611,  1782, , ,W,122626
ARMLP087129,              "SANTIAGO DEL ESTERO AERO", -27.7667,  -64.3000,   199.0,199612,  1324, , ,W,122626
ARMLP087129,              "SANTIAGO DEL ESTERO AERO", -27.7667,  -64.3000,   199.0,199701,  1093, , ,W,122626
ARMLP087129,              "SANTIAGO DEL ESTERO AERO", -27.7667,  -64.3000,   199.0,199702,  1481, , ,W,122626
ARMLP087129,              "SANTIAGO DEL ESTERO AERO", -27.7667,  -64.3000,   199.0,199703,   986, , ,W,122626
ARMLP087129,              "SANTIAGO DEL ESTERO AERO", -27.7667,  -64.3000,   199.0,199704,    24, , ,W,122626
ARMLP087129,              "SANTIAGO DEL ESTERO AERO", -27.7667,  -64.3000,   199.0,199705,    78, , ,W,122626
ARMLP087129,              "SANTIAGO DEL ESTERO AERO", -27.7667,  -64.3000,   199.0,199706,    15, , ,W,122626
ARMLP087129,              "SANTIAGO DEL ESTERO AERO", -27.7667,  -64.3000,   199.0,199707,   150, , ,W,122626
ARMLP087129,              "SANTIAGO DEL ESTERO AERO", -27.7667,  -64.3000,   199.0,199708,     0, , ,W,122626
ARMLP087129,              "SANTIAGO DEL ESTERO AERO", -27.7667,  -64.3000,   199.0,199709,   201, , ,W,122626
ARMLP087129,              "SANTIAGO DEL ESTERO AERO", -27.7667,  -64.3000,   199.0,199710,   191, , ,W,122626
ARMLP087129,              "SANTIAGO DEL ESTERO AERO", -27.7667,  -64.3000,   199.0,199711,   549, , ,W,122626
ARMLP087129,              "SANTIAGO DEL ESTERO AERO", -27.7667,  -64.3000,   199.0,199712,  2532, , ,W,122626
ARMLP087129,              "SANTIAGO DEL ESTERO AERO", -27.7667,  -64.3000,   199.0,199801,   972, , ,W,122626
ARMLP087129,              "SANTIAGO DEL ESTERO AERO", -27.7667,  -64.3000,   199.0,199802,  1553, , ,W,122626
ARMLP087129,              "SANTIAGO DEL ESTERO AERO", -27.7667,  -64.3000,   199.0,199803,   532, , ,W,122626
ARMLP087129,              "SANTIAGO DEL ESTERO AERO", -27.7667,  -64.3000,   199.0,199804,   123, , ,W,122626
ARMLP087129,              "SANTIAGO DEL ESTERO AERO", -27.7667,  -64.3000,   199.0,199805,    76, , ,W,122626
ARMLP087129,              "SANTIAGO DEL ESTERO AERO", -27.7667,  -64.3000,   199.0,199806,   147, , ,W,122626
ARMLP087129,              "SANTIAGO DEL ESTERO AERO", -27.7667,  -64.3000,   199.0,199807,    20, , ,W,122626
ARMLP087129,              "SANTIAGO DEL ESTERO AERO", -27.7667,  -64.3000,   199.0,199808,    58, , ,W,122626
ARMLP087129,              "SANTIAGO DEL ESTERO AERO", -27.7667,  -64.3000,   199.0,199809,    10, , ,W,122626
ARMLP087129,              "SANTIAGO DEL ESTERO AERO", -27.7667,  -64.3000,   199.0,199810,   608, , ,W,122626
ARMLP087129,              "SANTIAGO DEL ESTERO AERO", -27.7667,  -64.3000,   199.0,199811,   367, , ,W,122626
ARMLP087129,              "SANTIAGO DEL ESTERO AERO", -27.7667,  -64.3000,   199.0,199812,   502, , ,W,122626
ARMLP087129,              "SANTIAGO DEL ESTERO AERO", -27.7667,  -64.3000,   199.0,199901,  2745, , ,W,122626
ARMLP087129,              "SANTIAGO DEL ESTERO AERO", -27.7667,  -64.3000,   199.0,199902,  1100, , ,W,122626
ARMLP087129,              "SANTIAGO DEL ESTERO AERO", -27.7667,  -64.3000,   199.0,199903,  1430, , ,W,122626
ARMLP087129,              "SANTIAGO DEL ESTERO AERO", -27.7667,  -64.3000,   199.0,199904,    93, , ,W,122626
ARMLP087129,              "SANTIAGO DEL ESTERO AERO", -27.7667,  -64.3000,   199.0,199905,    92, , ,W,122626
ARMLP087129,              "SANTIAGO DEL ESTERO AERO", -27.7667,  -64.3000,   199.0,199906,   205, , ,W,122626
ARMLP087129,              "SANTIAGO DEL ESTERO AERO", -27.7667,  -64.3000,   199.0,199907,    14, , ,W,122626
ARMLP087129,              "SANTIAGO DEL ESTERO AERO", -27.7667,  -64.3000,   199.0,199908,     0, , ,W,122626
ARMLP087129,              "SANTIAGO DEL ESTERO AERO", -27.7667,  -64.3000,   199.0,199909,     0, , ,W,122626
ARMLP087129,              "SANTIAGO DEL ESTERO AERO", -27.7667,  -64.3000,   199.0,199910,  1208, , ,W,122626
ARMLP087129,              "SANTIAGO DEL ESTERO AERO", -27.7667,  -64.3000,   199.0,199911,   542, , ,W,122626
ARMLP087129,              "SANTIAGO DEL ESTERO AERO", -27.7667,  -64.3000,   199.0,199912,   852, , ,W,122626
ARMLP087129,              "SANTIAGO DEL ESTERO AERO", -27.7667,  -64.3000,   199.0,200001,  2327, , ,W,122626
ARMLP087129,              "SANTIAGO DEL ESTERO AERO", -27.7667,  -64.3000,   199.0,200002,  1343, , ,W,122626
ARMLP087129,              "SANTIAGO DEL ESTERO AERO", -27.7667,  -64.3000,   199.0,200003,  1241, , ,W,122626
ARMLP087129,              "SANTIAGO DEL ESTERO AERO", -27.7667,  -64.3000,   199.0,200004,   251, , ,W,122626
ARMLP087129,              "SANTIAGO DEL ESTERO AERO", -27.7667,  -64.3000,   199.0,200005,   163, , ,W,122626
ARMLP087129,              "SANTIAGO DEL ESTERO AERO", -27.7667,  -64.3000,   199.0,200006,    84, , ,W,122626
ARMLP087129,              "SANTIAGO DEL ESTERO AERO", -27.7667,  -64.3000,   199.0,200007,    30, , ,W,122626
ARMLP087129,              "SANTIAGO DEL ESTERO AERO", -27.7667,  -64.3000,   199.0,200008,    30, , ,W,122626
ARMLP087129,              "SANTIAGO DEL ESTERO AERO", -27.7667,  -64.3000,   199.0,200009,     6, , ,W,122626
ARMLP087129,              "SANTIAGO DEL ESTERO AERO", -27.7667,  -64.3000,   199.0,200010,   549, , ,W,122626
ARMLP087129,              "SANTIAGO DEL ESTERO AERO", -27.7667,  -64.3000,   199.0,200011,  1437, , ,W,122626
ARMLP087129,              "SANTIAGO DEL ESTERO AERO", -27.7667,  -64.3000,   199.0,200012,  1054, , ,W,122626
ARMLP087129,              "SANTIAGO DEL ESTERO AERO", -27.7667,  -64.3000,   199.0,200101,   659, , ,W,122626
ARMLP087129,              "SANTIAGO DEL ESTERO AERO", -27.7667,  -64.3000,   199.0,200102,   978, , ,W,122626
ARMLP087129,              "SANTIAGO DEL ESTERO AERO", -27.7667,  -64.3000,   199.0,200103,   714, , ,W,122626
ARMLP087129,              "SANTIAGO DEL ESTERO AERO", -27.7667,  -64.3000,   199.0,200104,   763, , ,W,122626
ARMLP087129,              "SANTIAGO DEL ESTERO AERO", -27.7667,  -64.3000,   199.0,200105,   136, , ,W,122626
ARMLP087129,              "SANTIAGO DEL ESTERO AERO", -27.7667,  -64.3000,   199.0,200106,   180, , ,W,122626
ARMLP087129,              "SANTIAGO DEL ESTERO AERO", -27.7667,  -64.3000,   199.0,200107,     0, , ,W,122626
ARMLP087129,              "SANTIAGO DEL ESTERO AERO", -27.7667,  -64.3000,   199.0,200108,    40, , ,W,122626
ARMLP087129,              "SANTIAGO DEL ESTERO AERO", -27.7667,  -64.3000,   199.0,200109,   690, , ,W,122626
ARMLP087129,              "SANTIAGO DEL ESTERO AERO", -27.7667,  -64.3000,   199.0,200110,   630, , ,W,122626
ARMLP087129,              "SANTIAGO DEL ESTERO AERO", -27.7667,  -64.3000,   199.0,200111,  1402, , ,W,122626
ARMLP087129,              "SANTIAGO DEL ESTERO AERO", -27.7667,  -64.3000,   199.0,200112,  1302, , ,W,122626
ARMLP087129,              "SANTIAGO DEL ESTERO AERO", -27.7667,  -64.3000,   199.0,200201,  1308, , ,W,122626
ARMLP087129,              "SANTIAGO DEL ESTERO AERO", -27.7667,  -64.3000,   199.0,200202,  1217, , ,W,122626
ARMLP087129,              "SANTIAGO DEL ESTERO AERO", -27.7667,  -64.3000,   199.0,200203,  1060, , ,W,122626
ARMLP087129,              "SANTIAGO DEL ESTERO AERO", -27.7667,  -64.3000,   199.0,200204,   185, , ,W,122626
ARMLP087129,              "SANTIAGO DEL ESTERO AERO", -27.7667,  -64.3000,   199.0,200205,   452, , ,W,122626
ARMLP087129,              "SANTIAGO DEL ESTERO AERO", -27.7667,  -64.3000,   199.0,200206,    53, , ,W,122626
ARMLP087129,              "SANTIAGO DEL ESTERO AERO", -27.7667,  -64.3000,   199.0,200207,    39, , ,W,122626
ARMLP087129,              "SANTIAGO DEL ESTERO AERO", -27.7667,  -64.3000,   199.0,200208,    -1, , ,W,122626
ARMLP087129,              "SANTIAGO DEL ESTERO AERO", -27.7667,  -64.3000,   199.0,200209,    -1, , ,W,122626
ARMLP087129,              "SANTIAGO DEL ESTERO AERO", -27.7667,  -64.3000,   199.0,200210,  2090, , ,W,122626
ARMLP087129,              "SANTIAGO DEL ESTERO AERO", -27.7667,  -64.3000,   199.0,200211,   941, , ,W,122626
ARMLP087129,              "SANTIAGO DEL ESTERO AERO", -27.7667,  -64.3000,   199.0,200212,  1504, , ,W,122626
ARMLP087129,              "SANTIAGO DEL ESTERO AERO", -27.7667,  -64.3000,   199.0,200301,   555, , ,W,122626
ARMLP087129,              "SANTIAGO DEL ESTERO AERO", -27.7667,  -64.3000,   199.0,200302,   137, , ,W,122626
ARMLP087129,              "SANTIAGO DEL ESTERO AERO", -27.7667,  -64.3000,   199.0,200303,  1778, , ,W,122626
ARMLP087129,              "SANTIAGO DEL ESTERO AERO", -27.7667,  -64.3000,   199.0,200304,   472, , ,W,122626
ARMLP087129,              "SANTIAGO DEL ESTERO AERO", -27.7667,  -64.3000,   199.0,200305,   100, , ,W,122626
ARMLP087129,              "SANTIAGO DEL ESTERO AERO", -27.7667,  -64.3000,   199.0,200306,    50, , ,W,122626
ARMLP087129,              "SANTIAGO DEL ESTERO AERO", -27.7667,  -64.3000,   199.0,200307,    -1, , ,W,122626
ARMLP087129,              "SANTIAGO DEL ESTERO AERO", -27.7667,  -64.3000,   199.0,200308,    21, , ,W,122626
ARMLP087129,              "SANTIAGO DEL ESTERO AERO", -27.7667,  -64.3000,   199.0,200309,   110, , ,W,122626
ARMLP087129,              "SANTIAGO DEL ESTERO AERO", -27.7667,  -64.3000,   199.0,200310,   402, , ,W,122626
ARMLP087129,              "SANTIAGO DEL ESTERO AERO", -27.7667,  -64.3000,   199.0,200311,   113, , ,W,122626
ARMLP087129,              "SANTIAGO DEL ESTERO AERO", -27.7667,  -64.3000,   199.0,200312,   914, , ,W,122626
ARMLP087129,              "SANTIAGO DEL ESTERO AERO", -27.7667,  -64.3000,   199.0,200401,  1152, , ,W,122626
ARMLP087129,              "SANTIAGO DEL ESTERO AERO", -27.7667,  -64.3000,   199.0,200402,   618, , ,W,122626
ARMLP087129,              "SANTIAGO DEL ESTERO AERO", -27.7667,  -64.3000,   199.0,200403,   734, , ,W,122626
ARMLP087129,              "SANTIAGO DEL ESTERO AERO", -27.7667,  -64.3000,   199.0,200404,   260, , ,W,122626
ARMLP087129,              "SANTIAGO DEL ESTERO AERO", -27.7667,  -64.3000,   199.0,200405,   120, , ,W,122626
ARMLP087129,              "SANTIAGO DEL ESTERO AERO", -27.7667,  -64.3000,   199.0,200406,   134, , ,W,122626
ARMLP087129,              "SANTIAGO DEL ESTERO AERO", -27.7667,  -64.3000,   199.0,200407,     0, , ,W,122626
ARMLP087129,              "SANTIAGO DEL ESTERO AERO", -27.7667,  -64.3000,   199.0,200408,    -1, , ,W,122626
ARMLP087129,              "SANTIAGO DEL ESTERO AERO", -27.7667,  -64.3000,   199.0,200409,     0, , ,W,122626
ARMLP087129,              "SANTIAGO DEL ESTERO AERO", -27.7667,  -64.3000,   199.0,200410,    63, , ,W,122626
ARMLP087129,              "SANTIAGO DEL ESTERO AERO", -27.7667,  -64.3000,   199.0,200411,   770, , ,W,122626
ARMLP087129,              "SANTIAGO DEL ESTERO AERO", -27.7667,  -64.3000,   199.0,200412,   482, , ,W,122626
ARMLP087129,              "SANTIAGO DEL ESTERO AERO", -27.7667,  -64.3000,   199.0,200501,   338, , ,W,122626
ARMLP087129,              "SANTIAGO DEL ESTERO AERO", -27.7667,  -64.3000,   199.0,200502,  1323, , ,W,122626
ARMLP087129,              "SANTIAGO DEL ESTERO AERO", -27.7667,  -64.3000,   199.0,200503,  1200, , ,W,122626
ARMLP087129,              "SANTIAGO DEL ESTERO AERO", -27.7667,  -64.3000,   199.0,200504,   400, , ,W,122626
ARMLP087129,              "SANTIAGO DEL ESTERO AERO", -27.7667,  -64.3000,   199.0,200505,    23, , ,W,122626
ARMLP087129,              "SANTIAGO DEL ESTERO AERO", -27.7667,  -64.3000,   199.0,200506,   166, , ,W,122626
ARMLP087129,              "SANTIAGO DEL ESTERO AERO", -27.7667,  -64.3000,   199.0,200507,     7, , ,W,122626
ARMLP087129,              "SANTIAGO DEL ESTERO AERO", -27.7667,  -64.3000,   199.0,200508,     0, , ,W,122626
ARMLP087129,              "SANTIAGO DEL ESTERO AERO", -27.7667,  -64.3000,   199.0,200509,   120, , ,W,122626
ARMLP087129,              "SANTIAGO DEL ESTERO AERO", -27.7667,  -64.3000,   199.0,200510,   313, , ,W,122626
ARMLP087129,              "SANTIAGO DEL ESTERO AERO", -27.7667,  -64.3000,   199.0,200511,   472, , ,W,122626
ARMLP087129,              "SANTIAGO DEL ESTERO AERO", -27.7667,  -64.3000,   199.0,200512,   837, , ,W,122626
ARMLP087129,              "SANTIAGO DEL ESTERO AERO", -27.7667,  -64.3000,   199.0,200601,  1030, , ,W,122626
ARMLP087129,              "SANTIAGO DEL ESTERO AERO", -27.7667,  -64.3000,   199.0,200602,   690, , ,W,122626
ARMLP087129,              "SANTIAGO DEL ESTERO AERO", -27.7667,  -64.3000,   199.0,200603,   880, , ,W,122626
ARMLP087129,              "SANTIAGO DEL ESTERO AERO", -27.7667,  -64.3000,   199.0,200604,   683, , ,W,122626
ARMLP087129,              "SANTIAGO DEL ESTERO AERO", -27.7667,  -64.3000,   199.0,200605,     0, , ,W,122626
ARMLP087129,              "SANTIAGO DEL ESTERO AERO", -27.7667,  -64.3000,   199.0,200606,    49, , ,W,122626
ARMLP087129,              "SANTIAGO DEL ESTERO AERO", -27.7667,  -64.3000,   199.0,200607,     4, , ,W,122626
ARMLP087129,              "SANTIAGO DEL ESTERO AERO", -27.7667,  -64.3000,   199.0,200608,     0, , ,W,122626
ARMLP087129,              "SANTIAGO DEL ESTERO AERO", -27.7667,  -64.3000,   199.0,200609,     0, , ,W,122626
ARMLP087129,              "SANTIAGO DEL ESTERO AERO", -27.7667,  -64.3000,   199.0,200610,   336, , ,W,122626
ARMLP087129,              "SANTIAGO DEL ESTERO AERO", -27.7667,  -64.3000,   199.0,200611,   585, , ,W,122626
ARMLP087129,              "SANTIAGO DEL ESTERO AERO", -27.7667,  -64.3000,   199.0,200612,   743, , ,W,122626
ARMLP087129,              "SANTIAGO DEL ESTERO AERO", -27.7667,  -64.3000,   199.0,200701,  2137, , ,W,122626
ARMLP087129,              "SANTIAGO DEL ESTERO AERO", -27.7667,  -64.3000,   199.0,200702,   530, , ,W,122626
ARMLP087129,              "SANTIAGO DEL ESTERO AERO", -27.7667,  -64.3000,   199.0,200703,   683, , ,W,122626
ARMLP087129,              "SANTIAGO DEL ESTERO AERO", -27.7667,  -64.3000,   199.0,200704,   274, , ,W,122626
ARMLP087129,              "SANTIAGO DEL ESTERO AERO", -27.7667,  -64.3000,   199.0,200705,   101, , ,W,122626
ARMLP087129,              "SANTIAGO DEL ESTERO AERO", -27.7667,  -64.3000,   199.0,200706,     8, , ,W,122626
ARMLP087129,              "SANTIAGO DEL ESTERO AERO", -27.7667,  -64.3000,   199.0,200707,    13, , ,W,122626
ARMLP087129,              "SANTIAGO DEL ESTERO AERO", -27.7667,  -64.3000,   199.0,200708,     0, , ,W,122626
ARMLP087129,              "SANTIAGO DEL ESTERO AERO", -27.7667,  -64.3000,   199.0,200709,    50, , ,W,122626
ARMLP087129,              "SANTIAGO DEL ESTERO AERO", -27.7667,  -64.3000,   199.0,200710,   550, , ,W,122626
ARMLP087129,              "SANTIAGO DEL ESTERO AERO", -27.7667,  -64.3000,   199.0,200711,   150, , ,W,122626
ARMLP087129,              "SANTIAGO DEL ESTERO AERO", -27.7667,  -64.3000,   199.0,200712,   918, , ,W,122626
ARMLP087129,              "SANTIAGO DEL ESTERO AERO", -27.7667,  -64.3000,   199.0,200801,  2140, , ,W,122626
ARMLP087129,              "SANTIAGO DEL ESTERO AERO", -27.7667,  -64.3000,   199.0,200802,  1975, , ,W,122626
ARMLP087129,              "SANTIAGO DEL ESTERO AERO", -27.7667,  -64.3000,   199.0,200803,  1925, , ,W,122626
ARMLP087129,              "SANTIAGO DEL ESTERO AERO", -27.7667,  -64.3000,   199.0,200804,   210, , ,W,122626
ARMLP087129,              "SANTIAGO DEL ESTERO AERO", -27.7667,  -64.3000,   199.0,200805,    10, , ,W,122626
ARMLP087129,              "SANTIAGO DEL ESTERO AERO", -27.7667,  -64.3000,   199.0,200806,     0, , ,W,122626
ARMLP087129,              "SANTIAGO DEL ESTERO AERO", -27.7667,  -64.3000,   199.0,200807,     0, , ,W,122626
ARMLP087129,              "SANTIAGO DEL ESTERO AERO", -27.7667,  -64.3000,   199.0,200808,     0, , ,W,122626
ARMLP087129,              "SANTIAGO DEL ESTERO AERO", -27.7667,  -64.3000,   199.0,200809,    -1, , ,W,122626
ARMLP087129,              "SANTIAGO DEL ESTERO AERO", -27.7667,  -64.3000,   199.0,200810,   186, , ,W,122626
ARMLP087129,              "SANTIAGO DEL ESTERO AERO", -27.7667,  -64.3000,   199.0,200811,   422, , ,W,122626
ARMLP087129,              "SANTIAGO DEL ESTERO AERO", -27.7667,  -64.3000,   199.0,200812,   705, , ,W,122626
ARMLP087129,              "SANTIAGO DEL ESTERO AERO", -27.7667,  -64.3000,   199.0,200901,   963, , ,W,122626
ARMLP087129,              "SANTIAGO DEL ESTERO AERO", -27.7667,  -64.3000,   199.0,200902,  1200, , ,W,122626
ARMLP087129,              "SANTIAGO DEL ESTERO AERO", -27.7667,  -64.3000,   199.0,200903,  1004, , ,W,122626
ARMLP087129,              "SANTIAGO DEL ESTERO AERO", -27.7667,  -64.3000,   199.0,200904,   300, , ,W,122626
ARMLP087129,              "SANTIAGO DEL ESTERO AERO", -27.7667,  -64.3000,   199.0,200905,    60, , ,W,122626
ARMLP087129,              "SANTIAGO DEL ESTERO AERO", -27.7667,  -64.3000,   199.0,200906,    -1, , ,W,122626
ARMLP087129,              "SANTIAGO DEL ESTERO AERO", -27.7667,  -64.3000,   199.0,200907,     0, , ,W,122626
ARMLP087129,              "SANTIAGO DEL ESTERO AERO", -27.7667,  -64.3000,   199.0,200908,     0, , ,W,122626
ARMLP087129,              "SANTIAGO DEL ESTERO AERO", -27.7667,  -64.3000,   199.0,200909,     0, , ,W,122626
ARMLP087129,              "SANTIAGO DEL ESTERO AERO", -27.7667,  -64.3000,   199.0,200910,    10, , ,W,122626
ARMLP087129,              "SANTIAGO DEL ESTERO AERO", -27.7667,  -64.3000,   199.0,200911,  1673, , ,W,122626
ARMLP087129,              "SANTIAGO DEL ESTERO AERO", -27.7667,  -64.3000,   199.0,200912,  1578, , ,W,122626
ARMLP087129,              "SANTIAGO DEL ESTERO AERO", -27.7667,  -64.3000,   199.0,201001,  1028, , ,W,122626
ARMLP087129,              "SANTIAGO DEL ESTERO AERO", -27.7667,  -64.3000,   199.0,201002,  1731, , ,W,122626
ARMLP087129,              "SANTIAGO DEL ESTERO AERO", -27.7667,  -64.3000,   199.0,201003,   911, , ,W,122626
ARMLP087129,              "SANTIAGO DEL ESTERO AERO", -27.7667,  -64.3000,   199.0,201004,   582, , ,W,122626
ARMLP087129,              "SANTIAGO DEL ESTERO AERO", -27.7667,  -64.3000,   199.0,201005,   280, , ,W,122626
ARMLP087129,              "SANTIAGO DEL ESTERO AERO", -27.7667,  -64.3000,   199.0,201006,    -1, , ,W,122626
ARMLP087129,              "SANTIAGO DEL ESTERO AERO", -27.7667,  -64.3000,   199.0,201007,     0, , ,W,122626
ARMLP087129,              "SANTIAGO DEL ESTERO AERO", -27.7667,  -64.3000,   199.0,201008,     0, , ,W,122626
ARMLP087129,              "SANTIAGO DEL ESTERO AERO", -27.7667,  -64.3000,   199.0,201009,   290, , ,W,122626
ARMLP087129,              "SANTIAGO DEL ESTERO AERO", -27.7667,  -64.3000,   199.0,201010,   461, , ,W,122626
ARMLP087129,              "SANTIAGO DEL ESTERO AERO", -27.7667,  -64.3000,   199.0,201011,   782, , ,W,122626
ARMLP087129,              "SANTIAGO DEL ESTERO AERO", -27.7667,  -64.3000,   199.0,201012,  1023, , ,W,122626
ARMLP087129,              "SANTIAGO DEL ESTERO AERO", -27.7667,  -64.3000,   199.0,201101,  1114, , ,W,122626
ARMLP087129,              "SANTIAGO DEL ESTERO AERO", -27.7667,  -64.3000,   199.0,201102,  1013, , ,W,122626
ARMLP087129,              "SANTIAGO DEL ESTERO AERO", -27.7667,  -64.3000,   199.0,201103,  1477, , ,W,122626
ARMLP087129,              "SANTIAGO DEL ESTERO AERO", -27.7667,  -64.3000,   199.0,201104,   355, , ,W,122626
ARMLP087129,              "SANTIAGO DEL ESTERO AERO", -27.7667,  -64.3000,   199.0,201105,    54, , ,W,122626
ARMLP087129,              "SANTIAGO DEL ESTERO AERO", -27.7667,  -64.3000,   199.0,201106,    47, , ,W,122626
ARMLP087129,              "SANTIAGO DEL ESTERO AERO", -27.7667,  -64.3000,   199.0,201107,    20, , ,W,122626
ARMLP087129,              "SANTIAGO DEL ESTERO AERO", -27.7667,  -64.3000,   199.0,201108,     0, , ,W,122626
ARMLP087129,              "SANTIAGO DEL ESTERO AERO", -27.7667,  -64.3000,   199.0,201109,   290, , ,W,122626
ARMLP087129,              "SANTIAGO DEL ESTERO AERO", -27.7667,  -64.3000,   199.0,201110,   271, , ,W,122626
ARMLP087129,              "SANTIAGO DEL ESTERO AERO", -27.7667,  -64.3000,   199.0,201111,   740, , ,W,122626
ARMLP087129,              "SANTIAGO DEL ESTERO AERO", -27.7667,  -64.3000,   199.0,201112,   836, , ,W,122626
ARMLP087129,              "SANTIAGO DEL ESTERO AERO", -27.7667,  -64.3000,   199.0,201201,  1220, , ,W,122626
ARMLP087129,              "SANTIAGO DEL ESTERO AERO", -27.7667,  -64.3000,   199.0,201202,   910, , ,W,122626
ARMLP087129,              "SANTIAGO DEL ESTERO AERO", -27.7667,  -64.3000,   199.0,201203,   150, , ,W,122626
ARMLP087129,              "SANTIAGO DEL ESTERO AERO", -27.7667,  -64.3000,   199.0,201204,  1143, , ,W,122626
ARMLP087129,              "SANTIAGO DEL ESTERO AERO", -27.7667,  -64.3000,   199.0,201205,   288, , ,W,122626
ARMLP087129,              "SANTIAGO DEL ESTERO AERO", -27.7667,  -64.3000,   199.0,201206,   150, , ,W,122626
ARMLP087129,              "SANTIAGO DEL ESTERO AERO", -27.7667,  -64.3000,   199.0,201207,    -1, , ,W,122626
ARMLP087129,              "SANTIAGO DEL ESTERO AERO", -27.7667,  -64.3000,   199.0,201208,    20, , ,W,122626
ARMLP087129,              "SANTIAGO DEL ESTERO AERO", -27.7667,  -64.3000,   199.0,201209,    61, , ,W,122626
ARMLP087129,              "SANTIAGO DEL ESTERO AERO", -27.7667,  -64.3000,   199.0,201210,  1034, , ,W,122626
ARMLP087129,              "SANTIAGO DEL ESTERO AERO", -27.7667,  -64.3000,   199.0,201211,   526, , ,W,122626
ARMLP087129,              "SANTIAGO DEL ESTERO AERO", -27.7667,  -64.3000,   199.0,201212,   767, , ,W,122626
ARMLP087129,              "SANTIAGO DEL ESTERO AERO", -27.7667,  -64.3000,   199.0,201301,   200, , ,W,122626
ARMLP087129,              "SANTIAGO DEL ESTERO AERO", -27.7667,  -64.3000,   199.0,201302,  1080, , ,W,122626
ARMLP087129,              "SANTIAGO DEL ESTERO AERO", -27.7667,  -64.3000,   199.0,201303,   157, , ,W,122626
ARMLP087129,              "SANTIAGO DEL ESTERO AERO", -27.7667,  -64.3000,   199.0,201304,     0, , ,W,122626
ARMLP087129,              "SANTIAGO DEL ESTERO AERO", -27.7667,  -64.3000,   199.0,201305,    30, , ,W,122626
ARMLP087129,              "SANTIAGO DEL ESTERO AERO", -27.7667,  -64.3000,   199.0,201306,   890, , ,W,122626
ARMLP087129,              "SANTIAGO DEL ESTERO AERO", -27.7667,  -64.3000,   199.0,201307,     9, , ,W,122626
ARMLP087129,              "SANTIAGO DEL ESTERO AERO", -27.7667,  -64.3000,   199.0,201308,     0, , ,W,122626
ARMLP087129,              "SANTIAGO DEL ESTERO AERO", -27.7667,  -64.3000,   199.0,201309,    64, , ,W,122626
ARMLP087129,              "SANTIAGO DEL ESTERO AERO", -27.7667,  -64.3000,   199.0,201310,  1020, , ,W,122626
ARMLP087129,              "SANTIAGO DEL ESTERO AERO", -27.7667,  -64.3000,   199.0,201311,   710, , ,W,122626
ARMLP087129,              "SANTIAGO DEL ESTERO AERO", -27.7667,  -64.3000,   199.0,201312,   515, , ,W,122626
ARMLP087129,              "SANTIAGO DEL ESTERO AERO", -27.7667,  -64.3000,   199.0,201401,  3360, , ,W,122626
ARMLP087129,              "SANTIAGO DEL ESTERO AERO", -27.7667,  -64.3000,   199.0,201402,   895, , ,W,122626
ARMLP087129,              "SANTIAGO DEL ESTERO AERO", -27.7667,  -64.3000,   199.0,201403,  1151, , ,W,122626
ARMLP087129,              "SANTIAGO DEL ESTERO AERO", -27.7667,  -64.3000,   199.0,201404,   330, , ,W,122626
ARMLP087129,              "SANTIAGO DEL ESTERO AERO", -27.7667,  -64.3000,   199.0,201405,   349, , ,W,122626
ARMLP087129,              "SANTIAGO DEL ESTERO AERO", -27.7667,  -64.3000,   199.0,201406,    92, , ,W,122626
ARMLP087129,              "SANTIAGO DEL ESTERO AERO", -27.7667,  -64.3000,   199.0,201407,    10, , ,W,122626
ARMLP087129,              "SANTIAGO DEL ESTERO AERO", -27.7667,  -64.3000,   199.0,201408,     0, , ,W,122626
ARMLP087129,              "SANTIAGO DEL ESTERO AERO", -27.7667,  -64.3000,   199.0,201409,     3, , ,W,122626
ARMLP087129,              "SANTIAGO DEL ESTERO AERO", -27.7667,  -64.3000,   199.0,201410,   446, , ,W,122626
ARMLP087129,              "SANTIAGO DEL ESTERO AERO", -27.7667,  -64.3000,   199.0,201411,  1440, , ,W,122626
ARMLP087129,              "SANTIAGO DEL ESTERO AERO", -27.7667,  -64.3000,   199.0,201412,   981, , ,W,122626
ARMLP087129,              "SANTIAGO DEL ESTERO AERO", -27.7667,  -64.3000,   199.0,201501,   705, , ,W,122626
ARMLP087129,              "SANTIAGO DEL ESTERO AERO", -27.7667,  -64.3000,   199.0,201502,  1126, , ,W,122626
ARMLP087129,              "SANTIAGO DEL ESTERO AERO", -27.7667,  -64.3000,   199.0,201503,  2050, , ,W,122626
ARMLP087129,              "SANTIAGO DEL ESTERO AERO", -27.7667,  -64.3000,   199.0,201504,   301, , ,W,122626
ARMLP087129,              "SANTIAGO DEL ESTERO AERO", -27.7667,  -64.3000,   199.0,201505,   170, , ,W,122626
ARMLP087129,              "SANTIAGO DEL ESTERO AERO", -27.7667,  -64.3000,   199.0,201506,    44, , ,W,122626
ARMLP087129,              "SANTIAGO DEL ESTERO AERO", -27.7667,  -64.3000,   199.0,201507,     0, , ,W,122626
ARMLP087129,              "SANTIAGO DEL ESTERO AERO", -27.7667,  -64.3000,   199.0,201508,   410, , ,W,122626
ARMLP087129,              "SANTIAGO DEL ESTERO AERO", -27.7667,  -64.3000,   199.0,201509,    11, , ,W,122626
ARMLP087129,              "SANTIAGO DEL ESTERO AERO", -27.7667,  -64.3000,   199.0,201510,   490, , ,W,122626
ARMLP087129,              "SANTIAGO DEL ESTERO AERO", -27.7667,  -64.3000,   199.0,201511,   844, , ,W,122626
ARMLP087129,              "SANTIAGO DEL ESTERO AERO", -27.7667,  -64.3000,   199.0,201512,  1620, , ,W,122626
ARMLP087129,              "SANTIAGO DEL ESTERO AERO", -27.7667,  -64.3000,   199.0,201601,  2017, , ,W,122626
ARMLP087129,              "SANTIAGO DEL ESTERO AERO", -27.7667,  -64.3000,   199.0,201602,   430, , ,W,122626
ARMLP087129,              "SANTIAGO DEL ESTERO AERO", -27.7667,  -64.3000,   199.0,201603,  1032, , ,W,122626
ARMLP087129,              "SANTIAGO DEL ESTERO AERO", -27.7667,  -64.3000,   199.0,201604,   565, , ,W,122626
ARMLP087129,              "SANTIAGO DEL ESTERO AERO", -27.7667,  -64.3000,   199.0,201605,    39, , ,W,122626
ARMLP087129,              "SANTIAGO DEL ESTERO AERO", -27.7667,  -64.3000,   199.0,201606,   250, , ,W,122626
ARMLP087129,              "SANTIAGO DEL ESTERO AERO", -27.7667,  -64.3000,   199.0,201607,    42, , ,W,122626
ARMLP087129,              "SANTIAGO DEL ESTERO AERO", -27.7667,  -64.3000,   199.0,201608,   250, , ,W,122626
ARMLP087129,              "SANTIAGO DEL ESTERO AERO", -27.7667,  -64.3000,   199.0,201609,    30, , ,W,122626
ARMLP087129,              "SANTIAGO DEL ESTERO AERO", -27.7667,  -64.3000,   199.0,201610,   600, , ,W,122626
ARMLP087129,              "SANTIAGO DEL ESTERO AERO", -27.7667,  -64.3000,   199.0,201611,   518, , ,W,122626
ARMLP087129,              "SANTIAGO DEL ESTERO AERO", -27.7667,  -64.3000,   199.0,201612,  1140, , ,W,122626
ARMLP087129,             "SANTIAGO DEL ESTERO AERO.", -27.7547,  -64.2997,   199.0,201701,   690, , ,M,118219
ARMLP087129,             "SANTIAGO DEL ESTERO AERO.", -27.7547,  -64.2997,   199.0,201702,  2360, , ,M,118219
ARMLP087129,             "SANTIAGO DEL ESTERO AERO.", -27.7547,  -64.2997,   199.0,201703,   960, , ,M,118219
ARMLP087129,             "SANTIAGO DEL ESTERO AERO.", -27.7547,  -64.2997,   199.0,201704,   220, , ,M,118219
ARMLP087129,             "SANTIAGO DEL ESTERO AERO.", -27.7547,  -64.2997,   199.0,201705,   210, , ,M,118219
ARMLP087129,             "SANTIAGO DEL ESTERO AERO.", -27.7547,  -64.2997,   199.0,201706,    30, , ,M,118219
ARMLP087129,             "SANTIAGO DEL ESTERO AERO.", -27.7547,  -64.2997,   199.0,201707,     0, , ,M,118219
ARMLP087129,             "SANTIAGO DEL ESTERO AERO.", -27.7547,  -64.2997,   199.0,201708,     0, , ,M,118219
ARMLP087129,             "SANTIAGO DEL ESTERO AERO.", -27.7547,  -64.2997,   199.0,201709,    80, , ,M,118219
ARMLP087129,             "SANTIAGO DEL ESTERO AERO.", -27.7547,  -64.2997,   199.0,201710,   360, , ,M,118219
ARMLP087129,             "SANTIAGO DEL ESTERO AERO.", -27.7547,  -64.2997,   199.0,201711,   110, , ,M,118219
ARMLP087129,             "SANTIAGO DEL ESTERO AERO.", -27.7547,  -64.2997,   199.0,201712,  1560, , ,M,118219
ARMLP087129,             "SANTIAGO DEL ESTERO AERO.", -27.7547,  -64.2997,   199.0,201801,   970, , ,M,118219
ARMLP087129,             "SANTIAGO DEL ESTERO AERO.", -27.7547,  -64.2997,   199.0,201802,   390, , ,M,118219
ARMLP087129,             "SANTIAGO DEL ESTERO AERO.", -27.7547,  -64.2997,   199.0,201803,   120, , ,M,118219
ARMLP087129,             "SANTIAGO DEL ESTERO AERO.", -27.7547,  -64.2997,   199.0,201804,   630, , ,M,118219
ARMLP087129,             "SANTIAGO DEL ESTERO AERO.", -27.7547,  -64.2997,   199.0,201805,   130, , ,M,118219
ARMLP087129,             "SANTIAGO DEL ESTERO AERO.", -27.7547,  -64.2997,   199.0,201806,     0, , ,M,118219
ARMLP087129,             "SANTIAGO DEL ESTERO AERO.", -27.7547,  -64.2997,   199.0,201807,    60, , ,M,118219
ARMLP087129,             "SANTIAGO DEL ESTERO AERO.", -27.7547,  -64.2997,   199.0,201808,    20, , ,M,118219
ARMLP087129,             "SANTIAGO DEL ESTERO AERO.", -27.7547,  -64.2997,   199.0,201809,   130, , ,M,118219
ARMLP087129,             "SANTIAGO DEL ESTERO AERO.", -27.7547,  -64.2997,   199.0,201810,  2120, , ,M,118219
ARMLP087129,             "SANTIAGO DEL ESTERO AERO.", -27.7547,  -64.2997,   199.0,201811,  1150, , ,M,118219
ARMLP087129,             "SANTIAGO DEL ESTERO AERO.", -27.7547,  -64.2997,   199.0,201812,   690, , ,M,118219
ARMLP087129,             "SANTIAGO DEL ESTERO AERO.", -27.7547,  -64.2997,   199.0,201901,  3900, , ,M,118219
ARMLP087129,             "SANTIAGO DEL ESTERO AERO.", -27.7547,  -64.2997,   199.0,201902,   110, , ,M,118219
ARMLP087129,             "SANTIAGO DEL ESTERO AERO.", -27.7547,  -64.2997,   199.0,201903,   770, , ,M,118219
ARMLP087129,             "SANTIAGO DEL ESTERO AERO.", -27.7547,  -64.2997,   199.0,201904,   830, , ,M,118219
ARMLP087129,             "SANTIAGO DEL ESTERO AERO.", -27.7547,  -64.2997,   199.0,201905,    90, , ,M,118219
ARMLP087129,             "SANTIAGO DEL ESTERO AERO.", -27.7547,  -64.2997,   199.0,201906,    30, , ,M,118219
ARMLP087129,             "SANTIAGO DEL ESTERO AERO.", -27.7547,  -64.2997,   199.0,201907,    10, , ,M,118219
ARMLP087129,             "SANTIAGO DEL ESTERO AERO.", -27.7547,  -64.2997,   199.0,201908,     0, , ,M,118219
ARMLP087129,             "SANTIAGO DEL ESTERO AERO.", -27.7547,  -64.2997,   199.0,201909,     0, , ,M,118219
ARMLP087129,             "SANTIAGO DEL ESTERO AERO.", -27.7547,  -64.2997,   199.0,201910,   170, , ,M,118219
ARMLP087129,             "SANTIAGO DEL ESTERO AERO.", -27.7547,  -64.2997,   199.0,201911,   900, , ,M,118219
ARMLP087129,             "SANTIAGO DEL ESTERO AERO.", -27.7547,  -64.2997,   199.0,201912,   580, , ,M,118219
ARMLP087129,             "SANTIAGO DEL ESTERO AERO.", -27.7547,  -64.2997,   199.0,202001,   930, , ,M,118219
ARMLP087129,             "SANTIAGO DEL ESTERO AERO.", -27.7547,  -64.2997,   199.0,202002,  1510, , ,M,118219
ARMLP087129,             "SANTIAGO DEL ESTERO AERO.", -27.7547,  -64.2997,   199.0,202003,   880, , ,M,118219
ARMLP087129,             "SANTIAGO DEL ESTERO AERO.", -27.7547,  -64.2997,   199.0,202004,   280, , ,M,118219
ARMLP087129,             "SANTIAGO DEL ESTERO AERO.", -27.7547,  -64.2997,   199.0,202005,    80, , ,M,118219
ARMLP087129,             "SANTIAGO DEL ESTERO AERO.", -27.7547,  -64.2997,   199.0,202006,    20, , ,M,118219
ARMLP087129,             "SANTIAGO DEL ESTERO AERO.", -27.7547,  -64.2997,   199.0,202007,     0, , ,M,118219
ARMLP087129,             "SANTIAGO DEL ESTERO AERO.", -27.7547,  -64.2997,   199.0,202008,     0, , ,M,118219
ARMLP087129,             "SANTIAGO DEL ESTERO AERO.", -27.7547,  -64.2997,   199.0,202009,     0, , ,M,118219
ARMLP087129,             "SANTIAGO DEL ESTERO AERO.", -27.7547,  -64.2997,   199.0,202010,    90, , ,M,118219
ARMLP087129,             "SANTIAGO DEL ESTERO AERO.", -27.7547,  -64.2997,   199.0,202011,   910, , ,M,118219
ARMLP087129,             "SANTIAGO DEL ESTERO AERO.", -27.7547,  -64.2997,   199.0,202012,   560, , ,M,118219
ARMLP087129,             "SANTIAGO DEL ESTERO AERO.", -27.7547,  -64.2997,   199.0,202101,   980, , ,M,118219
ARMLP087129,             "SANTIAGO DEL ESTERO AERO.", -27.7547,  -64.2997,   199.0,202102,  1550, , ,M,118219
ARMLP087129,             "SANTIAGO DEL ESTERO AERO.", -27.7547,  -64.2997,   199.0,202103,  1970, , ,M,118219
ARMLP087129,             "SANTIAGO DEL ESTERO AERO.", -27.7547,  -64.2997,   199.0,202104,   370, , ,M,118219
ARMLP087129,             "SANTIAGO DEL ESTERO AERO.", -27.7547,  -64.2997,   199.0,202105,    50, , ,M,118219
ARMLP087129,             "SANTIAGO DEL ESTERO AERO.", -27.7547,  -64.2997,   199.0,202106,    20, , ,M,118219
ARMLP087129,             "SANTIAGO DEL ESTERO AERO.", -27.7547,  -64.2997,   199.0,202107,     0, , ,M,118219
ARMLP087129,             "SANTIAGO DEL ESTERO AERO.", -27.7547,  -64.2997,   199.0,202108,     0, , ,M,118219
ARMLP087129,             "SANTIAGO DEL ESTERO AERO.", -27.7547,  -64.2997,   199.0,202109,    50, , ,M,118219
ARMLP087129,             "SANTIAGO DEL ESTERO AERO.", -27.7547,  -64.2997,   199.0,202110,   250, , ,M,118219
ARMLP087129,             "SANTIAGO DEL ESTERO AERO.", -27.7547,  -64.2997,   199.0,202111,   670, , ,M,118219
ARMLP087129,             "SANTIAGO DEL ESTERO AERO.", -27.7547,  -64.2997,   199.0,202112,   640, , ,M,118219
ARMLP087129,             "SANTIAGO DEL ESTERO AERO.", -27.7547,  -64.2997,   199.0,202201,   680, , ,M,118219
ARMLP087129,             "SANTIAGO DEL ESTERO AERO.", -27.7547,  -64.2997,   199.0,202202,   600, , ,M,118219
ARMLP087129,             "SANTIAGO DEL ESTERO AERO.", -27.7547,  -64.2997,   199.0,202203,  1770, , ,M,118219
ARMLP087129,             "SANTIAGO DEL ESTERO AERO.", -27.7547,  -64.2997,   199.0,202204,   140, , ,M,118219
ARMLP087129,             "SANTIAGO DEL ESTERO AERO.", -27.7547,  -64.2997,   199.0,202205,     0, , ,M,118219
ARMLP087129,             "SANTIAGO DEL ESTERO AERO.", -27.7547,  -64.2997,   199.0,202206,    90, , ,M,118219
ARMLP087129,             "SANTIAGO DEL ESTERO AERO.", -27.7547,  -64.2997,   199.0,202207,     0, , ,M,118219
ARMLP087129,             "SANTIAGO DEL ESTERO AERO.", -27.7547,  -64.2997,   199.0,202208,    30, , ,M,118219
ARMLP087129,             "SANTIAGO DEL ESTERO AERO.", -27.7547,  -64.2997,   199.0,202209,    80, , ,M,118219
ARMLP087129,             "SANTIAGO DEL ESTERO AERO.", -27.7547,  -64.2997,   199.0,202210,    50, , ,M,118219
ARMLP087129,             "SANTIAGO DEL ESTERO AERO.", -27.7547,  -64.2997,   199.0,202211,  1060, , ,M,118219
ARMLP087129,             "SANTIAGO DEL ESTERO AERO.", -27.7547,  -64.2997,   199.0,202212,   290, , ,M,118219
ARMLP087129,             "SANTIAGO DEL ESTERO AERO.", -27.7547,  -64.2997,   199.0,202301,   870, , ,M,118219
ARMLP087129,             "SANTIAGO DEL ESTERO AERO.", -27.7547,  -64.2997,   199.0,202302,   880, , ,M,118219
ARMLP087129,             "SANTIAGO DEL ESTERO AERO.", -27.7547,  -64.2997,   199.0,202303,  1560, , ,M,118219
ARMLP087129,             "SANTIAGO DEL ESTERO AERO.", -27.7547,  -64.2997,   199.0,202304,  1150, , ,M,118219
ARMLP087129,             "SANTIAGO DEL ESTERO AERO.", -27.7547,  -64.2997,   199.0,202305,   160, , ,M,118219
